    1.000000     0.000000     3.000000     0.573051    -0.175230    -1.339954
    1.000000     1.000000     1.000000    -0.577052     0.425472     0.179867
    0.000000     0.000000     0.000000    -0.694153    -0.766538     0.455033
    0.000000     0.000000     0.000000    -0.817974    -1.559255     0.579605
    2.000000     0.000000     2.000000     0.463916    -0.898300    -0.053513
    0.000000     0.000000     1.000000    -0.096545    -0.352276     0.253673
    2.000000     1.000000     3.000000     1.027419     0.677408    -0.001175
    2.000000     1.000000     2.000000     0.483444     0.959731     1.104495
    0.000000     0.000000     0.000000     0.761720    -1.901134    -2.223851
    2.000000     0.000000     3.000000     0.723880     0.111837    -0.846025
    1.000000     1.000000     0.000000    -0.295120     0.881524     0.966334
    1.000000     1.000000     1.000000    -0.320148     0.297111     0.508650
    1.000000     1.000000     0.000000    -0.805411     0.766234     0.496932
    2.000000     0.000000     3.000000     1.809094    -0.761952    -2.154671
    2.000000     1.000000     3.000000     2.345841     0.284032     0.253651
    2.000000     1.000000     3.000000     0.935259     0.858773    -0.271187
    2.000000     1.000000     3.000000     0.989511     2.269332    -0.174745
    2.000000     1.000000     3.000000     2.920440    -0.798064     0.156104
    1.000000     1.000000     1.000000    -0.180285     0.271133    -0.162098
    0.000000     0.000000     1.000000    -1.394741    -0.969746    -2.090380
    0.000000     0.000000     3.000000     0.446963     0.080041    -0.838566
    2.000000     1.000000     0.000000     1.454362    -0.864173     0.855505
    0.000000     0.000000     2.000000    -0.064293    -0.935022    -0.971525
    0.000000     0.000000     0.000000    -1.530256     0.228302    -0.469326
    0.000000     0.000000     0.000000    -0.090957    -0.097848     0.167197
    0.000000     0.000000     0.000000    -0.781570    -0.582116    -0.478192
    0.000000     0.000000     0.000000    -1.888729    -1.007475    -0.486859
    0.000000     0.000000     0.000000    -0.941943     0.039957    -0.124607
    2.000000     1.000000     0.000000     0.034340     0.381900     2.970156
    1.000000     0.000000     3.000000     0.361164     0.628857    -0.597038
    2.000000     1.000000     2.000000     0.299540     0.482481     1.688276
    2.000000     1.000000     0.000000    -0.053378     0.747981     1.588814
    2.000000     1.000000     3.000000     1.380470    -0.402537    -0.559265
    1.000000     1.000000     0.000000    -0.907102     0.261102     0.489773
    0.000000     0.000000     0.000000    -2.813280     0.163674     0.061669
    2.000000     1.000000     0.000000     0.534010     0.472889     2.259616
    2.000000     1.000000     3.000000     0.144324     2.007878     0.754722
    0.000000     0.000000     0.000000    -1.112683    -0.031886     0.302495
    0.000000     0.000000     0.000000    -1.452235    -2.448208    -0.094623
    2.000000     0.000000     3.000000     2.147528     0.708057    -1.644768
    2.000000     0.000000     3.000000     1.007635    -0.220893    -0.520523
    2.000000     0.000000     3.000000     0.854209    -0.071102    -1.139363
    0.000000     0.000000     1.000000    -1.154268    -0.833996    -2.768818
    1.000000     0.000000     1.000000     0.147681     0.611826    -0.148284
    0.000000     1.000000     0.000000    -0.922427    -0.239804     0.680168
    0.000000     0.000000     0.000000    -0.479457    -0.097246    -1.078953
    1.000000     0.000000     3.000000     0.211655    -0.799270    -0.773233
    2.000000     1.000000     3.000000     2.036454     0.972659    -1.110931
    2.000000     1.000000     3.000000     2.625872     1.929568    -0.537130
    2.000000     1.000000     3.000000     0.871237     1.958800     0.762969
    0.000000     0.000000     0.000000    -0.101754    -1.519739    -0.691582
    1.000000     0.000000     3.000000     0.402807     0.365539    -0.894718
    1.000000     1.000000     2.000000    -0.213364     0.204102     0.405698
    2.000000     1.000000     3.000000     2.620641     0.453708    -0.387833
    1.000000     0.000000     3.000000     0.250665     0.868009    -0.406890
    2.000000     1.000000     1.000000    -0.065333     0.754505     0.527030
    0.000000     1.000000     0.000000    -1.373059     0.165736     1.491654
    2.000000     0.000000     3.000000     0.551067     2.244199    -1.605275
    2.000000     1.000000     3.000000     2.103710     1.852987    -0.072331
    2.000000     1.000000     3.000000     0.519908     0.646157     0.100772
    0.000000     0.000000     0.000000    -1.704053     0.312722    -0.441097
    2.000000     0.000000     3.000000    -0.045257     0.876640    -0.196207
    2.000000     1.000000     0.000000     0.779012     0.533775     2.388377
    1.000000     1.000000     0.000000     0.998745    -1.785965     1.313883
    2.000000     1.000000     0.000000    -0.895761     1.050430     2.694817
    0.000000     0.000000     3.000000    -1.798147     1.446712    -1.307288
    1.000000     0.000000     3.000000     1.991547    -1.139637    -2.261151
    1.000000     0.000000     2.000000    -0.024899    -0.000951    -0.466598
    2.000000     1.000000     3.000000     1.063671     1.307742     1.227325
    0.000000     0.000000     0.000000    -1.411627    -0.409088     0.285447
    1.000000     0.000000     3.000000     0.542719    -1.251934    -1.299593
    2.000000     1.000000     3.000000     1.177945     1.647945    -0.003589
    2.000000     1.000000     2.000000     0.157191     0.417853     1.318302
    1.000000     0.000000     3.000000    -0.946897     1.209626    -0.848835
    0.000000     0.000000     0.000000    -1.662003    -0.626968     0.050173
    0.000000     0.000000     0.000000    -0.065470    -1.487576     0.327435
    0.000000     0.000000     0.000000    -1.162120    -0.074466     0.387594
    0.000000     0.000000     0.000000    -1.181898    -1.805747    -1.700674
    2.000000     1.000000     3.000000     0.997753     0.159104     0.896918
    1.000000     0.000000     1.000000     0.386224    -0.938691    -0.182482
    0.000000     0.000000     0.000000     0.637273    -1.250547     0.273062
    0.000000     0.000000     0.000000    -0.222713    -2.062094     0.700194
    2.000000     1.000000     3.000000     0.887330     0.251705    -0.171353
    0.000000     0.000000     0.000000     0.404260    -2.070426    -0.631500
    0.000000     0.000000     0.000000    -1.429091    -1.142571    -2.615884
    2.000000     1.000000     3.000000     0.766383     0.712512     0.474035
    0.000000     1.000000     0.000000    -1.173233     1.024470    -0.033451
    2.000000     1.000000     0.000000     0.833937     0.487234     0.988791
    2.000000     1.000000     2.000000    -0.632654     1.576646     0.592656
    0.000000     0.000000     0.000000    -0.390990    -1.626665    -0.217398
    2.000000     1.000000     0.000000     0.261811    -0.147346     1.490911
    2.000000     1.000000     2.000000     0.928216     0.653616     0.787727
    0.000000     0.000000     3.000000     0.554994    -1.134404    -1.395321
    1.000000     0.000000     3.000000    -0.434856     0.298585    -0.625061
    2.000000     1.000000     3.000000     1.496123     0.910772     0.494152
    2.000000     1.000000     3.000000     0.603399     1.105691    -0.410498
    2.000000     1.000000     1.000000     0.148157     1.005702     0.615752
    1.000000     1.000000     0.000000     0.860695    -0.886198     0.236292
    1.000000     0.000000     3.000000     0.948056    -1.021500    -0.495473
    0.000000     0.000000     2.000000    -0.261722    -0.275261    -0.757783
    1.000000     0.000000     3.000000     0.438144     0.541813    -0.969308
    1.000000     0.000000     3.000000     0.872827    -0.343648    -2.006273
    0.000000     1.000000     0.000000    -0.432574    -0.374755     0.411787
    0.000000     1.000000     0.000000     0.060914    -1.184449     0.646291
    1.000000     1.000000     1.000000     0.527831    -0.008297    -0.076911
    0.000000     0.000000     0.000000    -0.800993    -0.737749     0.630619
    2.000000     1.000000     2.000000     1.043301     0.806248     0.669174
    0.000000     0.000000     0.000000    -0.235359    -2.261145    -1.742697
    0.000000     0.000000     1.000000    -1.258468     0.349651    -2.078322
    0.000000     1.000000     0.000000    -2.034416     0.532133     0.456252
    0.000000     0.000000     3.000000     0.823873    -1.457744    -1.639551
    2.000000     1.000000     3.000000     1.357793     0.340525     0.520741
    2.000000     1.000000     2.000000     0.920158     0.568478     0.168145
    0.000000     0.000000     0.000000    -0.210130    -0.302362    -0.287143
    0.000000     0.000000     0.000000     0.161226    -0.926396    -0.667067
    2.000000     1.000000     0.000000     0.658842     0.083703     0.692887
    2.000000     1.000000     3.000000     0.358199     1.131302    -0.072345
    0.000000     1.000000     0.000000    -2.401651     0.676134     0.324771
    2.000000     0.000000     3.000000     0.841865     0.824594    -0.647567
    0.000000     0.000000     0.000000    -0.050728    -1.056398    -0.647019
    0.000000     1.000000     0.000000    -1.049286     0.853345     1.082609
    2.000000     1.000000     3.000000     0.716113     0.492887     1.013821
    1.000000     0.000000     1.000000    -0.168757    -0.601257     0.758314
    1.000000     1.000000     0.000000     0.090084    -1.286312     0.646988
    2.000000     1.000000     3.000000     1.521697     0.158848     0.661342
    2.000000     0.000000     3.000000     2.014192    -1.414146    -0.882568
    1.000000     0.000000     2.000000     0.080439    -0.731038    -0.092223
    1.000000     1.000000     0.000000     0.016593     0.306771     0.713350
    1.000000     0.000000     3.000000     0.122162     0.111848    -1.193975
    0.000000     0.000000     0.000000    -0.751432    -0.295661     0.632221
    0.000000     0.000000     0.000000     0.677648    -1.706342    -0.055115
    2.000000     1.000000     3.000000     1.716804     0.030403    -0.225950
    0.000000     0.000000     0.000000    -0.147412    -1.230579    -0.631445
    2.000000     1.000000     1.000000    -0.020331     1.883068     0.854455
    2.000000     1.000000     0.000000    -0.083330    -0.610441     1.337349
    2.000000     0.000000     3.000000     1.603378     0.730572    -0.495295
    1.000000     0.000000     3.000000     0.454753    -1.821117    -0.495957
    0.000000     0.000000     0.000000    -1.347227    -0.257935     0.293520
    0.000000     0.000000     0.000000    -3.109075     0.011060     0.232034
    2.000000     1.000000     0.000000     0.050113     0.021704     1.381966
    2.000000     1.000000     1.000000    -0.270848     0.953480     1.596240
    2.000000     1.000000     0.000000     0.582331     0.274339     1.363720
    0.000000     0.000000     3.000000    -0.844085     0.253331    -1.001999
    0.000000     0.000000     0.000000    -2.221003    -1.783758    -0.652522
    2.000000     0.000000     3.000000     1.528843    -2.016222    -1.238410
    2.000000     1.000000     3.000000     0.343780     1.082336    -0.279376
    2.000000     1.000000     3.000000     1.482167     0.329410     0.947088
    0.000000     0.000000     0.000000    -0.033646    -1.219489    -0.042544
    1.000000     0.000000     3.000000    -0.306122     0.440869    -1.139321
    0.000000     0.000000     3.000000     0.638442    -0.972830    -1.437663
    2.000000     1.000000     1.000000     0.817268     0.704504     1.146132
    0.000000     0.000000     0.000000    -2.006349    -0.208851    -0.637129
    0.000000     1.000000     0.000000    -1.915427     0.954961     1.357661
    0.000000     1.000000     0.000000    -2.830199     1.355832     1.339256
    2.000000     1.000000     0.000000     0.603255    -0.549585     1.275942
    0.000000     0.000000     0.000000    -0.014461    -0.593635    -0.083851
    2.000000     0.000000     3.000000     2.143761    -1.033161    -0.312900
    0.000000     0.000000     0.000000    -0.717436    -0.737038    -0.006394
    2.000000     1.000000     3.000000     1.073031     0.886030     1.557182
    0.000000     0.000000     0.000000    -0.163787    -1.292855    -0.238606
    1.000000     1.000000     3.000000     0.379434     0.722030    -0.552823
    0.000000     0.000000     0.000000    -0.001026    -1.993344     0.407309
    2.000000     1.000000     0.000000     0.698800     1.790311     1.945443
    2.000000     1.000000     0.000000     0.219827     1.039719     1.167797
    1.000000     0.000000     3.000000    -0.462345     1.531175    -1.436610
    0.000000     0.000000     1.000000    -1.556183     0.856883    -0.708254
    0.000000     0.000000     0.000000     0.386628    -1.451426     0.156874
    0.000000     0.000000     0.000000    -1.609124    -0.795315    -0.902746
    1.000000     1.000000     1.000000     0.004397     0.684072    -0.297540
    2.000000     1.000000     0.000000     0.547853     0.745560     2.150614
    0.000000     0.000000     3.000000    -0.844899     0.739691    -1.678018
    1.000000     1.000000     0.000000     0.785808    -1.509192     1.733230
    2.000000     1.000000     3.000000     0.423892     1.655431    -0.787626
    1.000000     0.000000     3.000000    -0.138073     0.096358    -0.603284
    0.000000     0.000000     1.000000    -1.444013     0.874422    -0.849618
    1.000000     1.000000     3.000000    -0.246858     0.987724    -0.199808
    2.000000     1.000000     2.000000     1.212288    -0.314465     0.191456
    0.000000     0.000000     3.000000    -0.110371    -0.044198    -2.141871
    1.000000     1.000000     1.000000    -0.675669     0.485942     1.067191
    1.000000     1.000000     0.000000    -1.377742     0.058502     3.251647
    0.000000     0.000000     1.000000    -0.518283    -0.272866     0.052159
    2.000000     1.000000     1.000000    -0.548654     1.022004     0.797133
    2.000000     1.000000     3.000000     0.601180     0.160395     0.644080
    1.000000     0.000000     2.000000    -0.429678    -0.166250    -0.101720
    1.000000     1.000000     1.000000    -0.238676     0.888635     0.040045
    0.000000     0.000000     0.000000    -0.991924    -1.533437    -0.598956
    2.000000     1.000000     3.000000     1.634677     1.103158     0.378557
    1.000000     0.000000     0.000000     0.113265    -0.484451     0.307034
    2.000000     1.000000     0.000000    -0.452624     0.560690     1.285784
    0.000000     0.000000     0.000000    -1.004772    -1.033572     0.337933
    0.000000     0.000000     0.000000    -0.241834    -1.021001     0.038056
    1.000000     1.000000     2.000000     0.838429    -0.441748    -0.017298
    2.000000     0.000000     3.000000     2.483435     1.120482    -2.157416
    0.000000     1.000000     0.000000    -0.892332    -0.129540     0.526899
    0.000000     0.000000     0.000000     0.481765    -1.021191    -1.350397
    0.000000     1.000000     0.000000    -0.752000    -0.894625     1.446890
    0.000000     0.000000     1.000000    -0.273884    -0.803969    -1.463614
    0.000000     0.000000     0.000000     0.876038    -1.305602     0.397331
    2.000000     0.000000     1.000000     1.306586    -0.852620     0.359021
    1.000000     1.000000     3.000000    -0.709880     2.875135    -0.771602
    2.000000     0.000000     3.000000     1.679024    -0.085706    -1.729385
    1.000000     1.000000     0.000000    -0.490444     0.453516     0.972409
    0.000000     0.000000     0.000000    -1.337919     0.429926    -0.454187
    0.000000     0.000000     0.000000    -1.246424    -0.608581    -0.014553
    0.000000     0.000000     0.000000    -1.070475    -1.612643    -0.448179
    2.000000     0.000000     3.000000     0.542006     1.288986    -1.614130
    2.000000     0.000000     3.000000     1.409971    -0.600984    -0.702470
    0.000000     0.000000     2.000000    -1.849474    -0.401250    -0.822120
    1.000000     0.000000     3.000000     0.604875    -0.589871    -0.270913
    2.000000     1.000000     0.000000     1.428485    -0.840173     0.649338
    0.000000     0.000000     3.000000    -0.124574     0.611455    -1.736240
    0.000000     0.000000     0.000000    -0.609405    -1.639806     0.046881
    2.000000     1.000000     3.000000     1.408185     1.043946     1.177997
    2.000000     1.000000     2.000000    -0.008595     0.031777     0.111081
    0.000000     0.000000     0.000000    -1.156996    -0.989380     0.882902
    2.000000     0.000000     3.000000     1.062918     0.631441    -0.725523
    2.000000     0.000000     3.000000     0.886483     0.560904    -1.170095
    2.000000     0.000000     3.000000     1.221154    -0.411175    -0.763727
    2.000000     1.000000     3.000000     1.883960     0.766058     0.523827
    2.000000     1.000000     3.000000     0.526255     1.373887     1.406439
    0.000000     0.000000     0.000000    -1.909077    -0.620734     0.745386
    2.000000     1.000000     2.000000     1.280427    -0.762158     0.231743
    0.000000     0.000000     0.000000    -0.156710    -2.364484     0.317156
    0.000000     0.000000     0.000000    -0.250203    -1.372028    -0.107720
    0.000000     0.000000     1.000000     1.001601    -1.425300    -0.504673
    2.000000     1.000000     0.000000     0.454452     0.910572     0.786318
    2.000000     1.000000     1.000000     1.151548     0.876034     1.529972
    0.000000     1.000000     0.000000    -1.442029     0.381463     1.336016
    1.000000     1.000000     0.000000    -0.478344     0.640302     1.236714
    2.000000     1.000000     0.000000     0.296821    -0.263026     0.888141
    1.000000     0.000000     3.000000    -0.079587     0.410057    -0.922768
    1.000000     0.000000     0.000000     0.719142    -1.479283     0.023418
    0.000000     1.000000     2.000000    -0.968080     0.882103    -0.593204
    2.000000     1.000000     0.000000    -0.261898     0.432315     1.313348
    0.000000     1.000000     0.000000     0.146615    -1.620969     1.493675
    0.000000     0.000000     0.000000    -1.971096    -1.460852     0.123814
    1.000000     1.000000     0.000000    -0.596481    -0.037010     0.923478
    1.000000     0.000000     3.000000     1.398424    -0.902314    -2.167467
    0.000000     0.000000     0.000000    -0.716694    -0.995137    -0.166687
    2.000000     0.000000     3.000000     1.462204    -0.337611    -0.828327
    1.000000     1.000000     0.000000     0.893144    -0.439566     0.218966
    2.000000     1.000000     0.000000     0.858522    -0.753114     1.593919
    1.000000     0.000000     3.000000     0.048602     0.054327    -0.443447
    2.000000     1.000000     0.000000     0.458539     0.654242     1.049187
    0.000000     0.000000     0.000000    -1.679494    -0.152874    -1.280198
    2.000000     1.000000     0.000000     0.772407     0.258704     0.735202
    0.000000     0.000000     0.000000     0.548786    -0.404752    -0.270111
    0.000000     0.000000     3.000000     0.701099    -1.233889    -2.491072
    0.000000     1.000000     0.000000    -1.123784    -0.557013     0.477365
    0.000000     1.000000     0.000000    -1.075607     0.758764     0.671284
    1.000000     1.000000     0.000000    -0.002730     0.122410     1.536225
    0.000000     0.000000     0.000000    -0.485770    -2.545451    -0.355955
    0.000000     0.000000     2.000000     0.080184    -1.015845    -0.371669
    2.000000     1.000000     0.000000    -0.183574    -0.679050     2.349897
    0.000000     0.000000     0.000000    -1.628909    -0.200864    -0.350542
    2.000000     0.000000     3.000000     1.957960     0.473323    -1.942149
    1.000000     1.000000     0.000000    -0.458894    -0.143755     1.573365
    0.000000     0.000000     0.000000    -2.191618    -0.620811    -0.237936
    2.000000     1.000000     3.000000     2.545458     1.364745    -0.159049
    0.000000     0.000000     0.000000    -0.525893    -2.440246    -0.945236
    0.000000     1.000000     0.000000    -1.469622     0.302606     0.499734
    0.000000     1.000000     0.000000    -0.550916     0.148329     1.079312
    0.000000     0.000000     0.000000    -1.099811    -2.004489    -0.020541
    2.000000     0.000000     3.000000     1.471181    -0.196339    -0.480040
    0.000000     0.000000     0.000000     0.542561    -2.515656     0.315373
    0.000000     0.000000     0.000000    -1.267873    -1.041590    -0.159058
    0.000000     0.000000     0.000000     0.027494    -0.651239    -0.189793
    0.000000     0.000000     0.000000    -0.264534    -0.489518    -0.150161
    0.000000     0.000000     3.000000     0.182592    -0.119080    -1.629275
    2.000000     1.000000     3.000000     2.860531     0.063955    -0.046815
    0.000000     1.000000     0.000000    -0.825881     1.076636     0.702421
    0.000000     0.000000     2.000000     0.814549    -0.795081    -1.432209
    2.000000     1.000000     3.000000     2.938392     0.352521    -0.195981
    0.000000     1.000000     0.000000    -1.011757     0.191012    -0.021161
    1.000000     0.000000     0.000000     0.204399     0.126607    -0.259005
    0.000000     0.000000     0.000000    -1.633863    -1.096647     0.234564
    1.000000     0.000000     3.000000    -0.215019     0.678247    -0.908112
    1.000000     1.000000     0.000000    -0.452595     0.897943     0.976169
    0.000000     0.000000     0.000000     0.176545    -2.197861    -0.845332
    1.000000     0.000000     3.000000    -0.758477     1.007229    -0.410390
    0.000000     1.000000     0.000000    -1.045586    -0.423820     1.439752
    0.000000     1.000000     0.000000    -0.888979     0.513917     0.850608
    2.000000     1.000000     3.000000    -0.485545     1.833271    -0.789305
    0.000000     0.000000     0.000000     0.072669    -1.855693    -0.596864
    2.000000     1.000000     3.000000    -0.248228     1.213070    -0.170692
    0.000000     0.000000     0.000000    -0.180802    -1.237105    -0.731344
    0.000000     0.000000     2.000000    -0.329338     0.300786    -0.661290
    2.000000     0.000000     3.000000     0.442129     1.315980    -0.831143
    2.000000     1.000000     0.000000     0.374481     1.481391     1.580797
    2.000000     1.000000     2.000000    -0.179232     0.818384     1.231722
    2.000000     1.000000     0.000000     0.894761    -0.732890     0.335400
    0.000000     0.000000     0.000000     1.087344    -2.612130     0.785122
    1.000000     0.000000     3.000000    -0.000812    -0.451043    -0.495524
    2.000000     0.000000     2.000000     1.361310    -1.639610    -0.575000
    0.000000     0.000000     1.000000     1.108620    -1.797010    -0.601729
    0.000000     1.000000     2.000000    -1.179330     0.985698    -0.208100
    1.000000     0.000000     2.000000     0.151135     0.263803    -0.797607
    0.000000     0.000000     3.000000    -0.249655    -0.954626    -1.972865
    1.000000     0.000000     3.000000     0.648978     0.052686    -1.418094
    0.000000     0.000000     1.000000     0.347055    -1.326526    -0.853172
    0.000000     0.000000     2.000000    -0.704313     0.430406     0.052351
    2.000000     1.000000     3.000000    -0.091393     0.782733     0.088182
    1.000000     0.000000     0.000000     0.686391    -2.110151     0.010125
    2.000000     1.000000     3.000000     2.294125     0.340902     1.316737
    1.000000     1.000000     1.000000     0.007940     0.740636     0.148033
    0.000000     0.000000     3.000000    -0.875296     1.029371    -2.218271
    1.000000     0.000000     1.000000     1.447092    -1.968813    -0.669073
    0.000000     0.000000     0.000000    -0.954822    -1.203307    -0.364539
    0.000000     0.000000     1.000000    -1.774245     0.535814    -1.599477
    0.000000     0.000000     3.000000    -0.879934     0.618705    -0.948668
    2.000000     1.000000     3.000000     1.372770     2.161662    -0.462699
    0.000000     0.000000     0.000000    -0.911303     0.567464    -0.499960
    0.000000     1.000000     0.000000    -1.858780    -1.002812     1.699361
    0.000000     0.000000     0.000000     0.636239    -2.326389     1.464860
    2.000000     0.000000     3.000000     0.180059     0.222230    -0.512461
    1.000000     1.000000     0.000000    -1.102444     0.598586     0.435088
    0.000000     0.000000     1.000000    -0.463605    -0.706667    -0.793461
    1.000000     0.000000     2.000000     0.488177    -1.744537    -0.486702
    1.000000     0.000000     3.000000     0.273762     1.301096    -2.961589
    2.000000     1.000000     0.000000    -0.412534     0.536139     1.099579
    1.000000     0.000000     3.000000    -0.231304    -0.143851    -0.338514
    2.000000     0.000000     3.000000     0.863799     0.396122    -0.484377
    0.000000     0.000000     0.000000    -1.249850    -0.698791     0.534440
    0.000000     0.000000     0.000000    -1.645022     0.089827     0.215300
    2.000000     1.000000     3.000000     1.162643    -0.588019     0.723400
    0.000000     0.000000     0.000000    -0.819040    -1.123126    -0.157527
    2.000000     0.000000     3.000000     0.738848     0.031132    -0.610698
    2.000000     1.000000     3.000000     0.165271     1.918178    -0.095925
    1.000000     0.000000     3.000000     0.314766    -0.311164    -0.587222
    1.000000     1.000000     0.000000    -0.575147     1.002883     1.149248
    2.000000     1.000000     3.000000     1.896521     1.381426    -0.877081
    0.000000     0.000000     2.000000    -1.372973     0.361511    -0.503242
    2.000000     1.000000     3.000000     1.887076     0.794827    -0.210291
    1.000000     1.000000     0.000000     0.094325    -1.037272     1.125530
    0.000000     1.000000     0.000000    -0.425580     0.507465     1.160459
    2.000000     0.000000     3.000000     0.806046     0.202422    -0.291329
    1.000000     1.000000     0.000000     0.298161    -0.468069     1.306400
    2.000000     0.000000     3.000000     1.600408     1.112905    -1.746009
    2.000000     1.000000     1.000000    -0.107814     0.781716    -0.085492
    0.000000     0.000000     3.000000    -0.346949    -0.154286    -2.082213
    2.000000     0.000000     3.000000     0.785541     0.797240    -0.986607
    1.000000     0.000000     3.000000     0.833282    -0.084876    -1.468074
    0.000000     0.000000     0.000000     0.374786    -1.051508    -1.245001
    2.000000     0.000000     3.000000     0.438242     0.403392    -0.786338
    2.000000     1.000000     1.000000     0.502914     0.530294     0.048956
    1.000000     1.000000     3.000000     0.146147     0.365079     0.154976
    2.000000     0.000000     3.000000    -0.025185     1.925608    -1.487609
    2.000000     1.000000     3.000000     0.425465     1.289827     0.234878
    0.000000     0.000000     1.000000     0.083377    -0.638457    -0.327486
    2.000000     1.000000     3.000000     0.459893     0.725435    -0.029219
    2.000000     1.000000     0.000000    -1.396522     1.367983     1.895319
    2.000000     1.000000     0.000000    -0.262050     0.236792     0.819889
    2.000000     0.000000     3.000000     0.813939    -0.449405    -0.620522
    2.000000     1.000000     3.000000     0.621279     2.992877     0.978969
    1.000000     0.000000     3.000000     0.262821     0.480192    -2.450278
    2.000000     1.000000     0.000000    -0.507096     0.443096     1.717880
    0.000000     0.000000     0.000000    -1.452895    -0.308695    -0.757806
    2.000000     1.000000     2.000000     1.306011     0.785015     1.401020
    0.000000     1.000000     0.000000    -1.229182     0.002400     0.287481
    0.000000     0.000000     0.000000    -1.206668    -0.987279    -1.264645
    0.000000     0.000000     0.000000    -3.265821    -0.259497     0.242112
    2.000000     1.000000     3.000000     0.384640     0.417241     1.227244
    2.000000     1.000000     3.000000     1.258133     0.594581     1.169946
    2.000000     1.000000     0.000000     1.310519     0.144096     1.623983
    2.000000     1.000000     1.000000     0.926734     0.318018     0.691125
    0.000000     0.000000     3.000000    -0.176284    -0.062099    -1.800737
    2.000000     0.000000     3.000000     0.593720     1.409434    -2.081717
    1.000000     1.000000     2.000000    -0.145542     0.137696     0.040782
    1.000000     0.000000     3.000000     1.538843    -0.758003    -2.032105
    1.000000     0.000000     3.000000     0.367514     1.637041    -3.229436
    0.000000     0.000000     0.000000    -0.044768    -0.618035     0.001999
    1.000000     1.000000     1.000000    -0.626599     0.342383    -0.228613
    1.000000     1.000000     0.000000    -0.584288     0.605562     0.698368
    2.000000     0.000000     0.000000     1.618027    -1.976429    -0.021097
    1.000000     0.000000     3.000000    -0.333700     0.653346    -0.712054
    0.000000     1.000000     0.000000    -0.490888     0.102897     0.729631
    2.000000     1.000000     0.000000     0.611701    -1.217940     2.899929
    2.000000     1.000000     3.000000     2.926177     1.408948    -0.157836
    0.000000     0.000000     0.000000     1.502714    -1.629932    -0.330184
    0.000000     0.000000     2.000000    -0.875849    -0.664906    -0.957951
    0.000000     0.000000     1.000000    -0.956527     0.586668    -1.042339
    2.000000     1.000000     2.000000    -0.151904     1.440232     0.800869
    0.000000     1.000000     0.000000    -2.757182     1.531915    -0.282880
    0.000000     0.000000     0.000000    -1.338881     0.457731    -0.010402
    0.000000     0.000000     0.000000    -0.924172    -2.072648    -1.159246
    2.000000     1.000000     3.000000     1.526363    -0.932330     0.860499
    2.000000     1.000000     3.000000     3.468060     0.613246    -0.583037
    0.000000     0.000000     1.000000    -0.396082    -0.634367     0.410441
    2.000000     0.000000     3.000000     0.364259     2.352695    -1.816522
    2.000000     1.000000     2.000000     0.585651     2.038716     2.047802
    2.000000     1.000000     1.000000    -0.581730     1.633446     1.217566
    2.000000     1.000000     3.000000     0.697453     0.289008    -0.337616
    2.000000     1.000000     3.000000     2.761453     0.524499     0.655248
    0.000000     1.000000     0.000000     0.159809    -0.968164     1.403454
    0.000000     0.000000     2.000000    -1.293640     1.124242    -1.630079
    0.000000     0.000000     0.000000     0.462550    -1.317857     0.513286
    2.000000     1.000000     2.000000    -0.464340     1.325305     0.610009
    0.000000     0.000000     0.000000    -0.667401    -2.557605     0.072503
    0.000000     0.000000     0.000000    -0.800069    -0.473231     0.388855
    2.000000     1.000000     1.000000     0.750149    -0.335122     1.309193
    1.000000     1.000000     0.000000    -0.160714     0.374101     0.128965
    2.000000     1.000000     3.000000     1.270869     0.031220    -0.074905
    0.000000     0.000000     2.000000    -0.028308     0.392948    -1.058184
    0.000000     1.000000     0.000000    -1.334543     0.820265     0.252358
    2.000000     1.000000     0.000000     0.638868     0.182019     1.625938
    1.000000     0.000000     1.000000     0.960667    -1.521396    -0.354092
    0.000000     0.000000     0.000000    -0.917009    -0.942032    -1.442167
    1.000000     0.000000     3.000000     0.089130    -0.761285    -0.724044
    0.000000     0.000000     3.000000     0.087886     0.678155    -1.515054
    2.000000     0.000000     3.000000     1.148510    -0.358854    -1.233663
    2.000000     0.000000     3.000000     0.708459     0.139202    -0.656187
    2.000000     1.000000     3.000000     0.819816     1.197460     0.556289
    2.000000     1.000000     2.000000     0.908699     0.020465     0.509703
    0.000000     0.000000     0.000000    -0.673046    -0.168384    -1.075662
    2.000000     1.000000     0.000000     0.423173     0.682111     1.147799
    0.000000     0.000000     0.000000    -1.966682    -1.101717    -0.861592
    0.000000     1.000000     0.000000    -0.169410    -1.854758     0.962397
    0.000000     0.000000     0.000000    -0.308789    -1.527085     0.356928
    1.000000     1.000000     0.000000    -0.932573     0.832932     1.019138
    0.000000     0.000000     3.000000    -0.453578     0.258986    -0.564762
    2.000000     1.000000     3.000000     0.320820     0.963657     0.198586
    2.000000     1.000000     3.000000     1.065596    -0.683749     0.735285
    2.000000     1.000000     0.000000     1.219337     0.194985     1.782677
    0.000000     1.000000     0.000000    -0.867156    -0.334015     1.570767
    1.000000     0.000000     1.000000    -0.151633    -0.532015    -0.071540
    1.000000     0.000000     1.000000    -0.677785     0.426430    -0.343226
    1.000000     1.000000     2.000000     0.432674     0.378426     0.109270
    2.000000     1.000000     0.000000     0.553918    -0.039881     1.146766
    2.000000     1.000000     3.000000    -0.564694     1.177362     0.671226
    2.000000     1.000000     3.000000    -0.522054     1.641214     0.281495
    1.000000     1.000000     1.000000    -0.183158     0.269580     0.240165
    2.000000     1.000000     3.000000     1.983631     0.754801     1.885158
    1.000000     1.000000     0.000000    -0.546663    -0.092005     1.464233
    2.000000     1.000000     0.000000     0.633075    -0.850417     0.864302
    2.000000     1.000000     1.000000     0.348820    -0.101743     1.110038
    0.000000     0.000000     2.000000    -1.332862     0.483428    -0.778274
    0.000000     0.000000     0.000000     0.541282    -1.243816    -0.685553
    2.000000     1.000000     0.000000     0.139485     0.286375     1.390919
    0.000000     1.000000     0.000000    -2.140379     1.277746     0.131226
    2.000000     0.000000     3.000000     0.998655     0.531831    -0.443240
    0.000000     0.000000     2.000000    -0.121103    -0.883617    -0.257255
    1.000000     1.000000     1.000000     0.062416     1.230079    -0.118432
    2.000000     1.000000     3.000000     1.516863     2.192374    -0.078325
    2.000000     1.000000     3.000000     1.677728     0.177097    -0.567492
    1.000000     1.000000     0.000000     1.304029    -1.121846     0.502538
    0.000000     1.000000     0.000000     0.033121    -1.032947     0.320614
    2.000000     1.000000     3.000000     1.921307     1.711389    -0.789739
    2.000000     1.000000     0.000000     0.922490     0.160809     1.638582
    0.000000     1.000000     0.000000    -0.880413    -1.209231     1.220738
    1.000000     0.000000     3.000000    -0.155307     0.551569    -1.036208
    2.000000     1.000000     1.000000     2.070031    -0.774522     0.571187
    0.000000     0.000000     0.000000     0.326594    -0.985548     0.228923
    2.000000     1.000000     3.000000     0.758119     1.917461    -1.044359
    1.000000     0.000000     3.000000    -0.671023     0.473394     0.131095
    1.000000     0.000000     1.000000     1.608644    -1.516719    -0.522873
    0.000000     0.000000     0.000000    -0.577375    -1.397854    -0.496609
    1.000000     0.000000     1.000000     1.215051    -1.503951    -0.210078
    0.000000     1.000000     0.000000    -0.767283     0.232368     0.055127
    2.000000     1.000000     3.000000    -0.611324     1.740708    -0.125998
    2.000000     1.000000     3.000000     0.459407    -0.657452     0.619106
    0.000000     0.000000     2.000000    -0.575680     0.674373    -0.263118
    0.000000     0.000000     0.000000    -0.347102    -1.418330    -0.870347
    1.000000     0.000000     3.000000    -0.249170     0.517165    -0.428319
    2.000000     1.000000     0.000000     0.179748    -0.493620     0.902268
    0.000000     0.000000     1.000000    -0.970990     0.307566    -0.830983
    1.000000     1.000000     2.000000    -1.448796     1.353970     0.071598
    2.000000     0.000000     3.000000    -0.252748    -0.387185    -0.339942
    0.000000     0.000000     0.000000    -1.284425    -0.661540    -0.674861
    0.000000     0.000000     3.000000     0.476288    -0.831718    -1.161113
    0.000000     0.000000     3.000000    -1.319760     0.316889    -1.795045
    2.000000     1.000000     0.000000    -1.164126     0.834547     3.088236
    0.000000     0.000000     0.000000    -1.467301    -0.540673     0.045868
    1.000000     0.000000     0.000000    -0.207074    -0.997764     0.753788
    1.000000     1.000000     3.000000    -0.781562     1.094574    -0.067121
    1.000000     0.000000     3.000000     0.497809    -0.495697     0.078358
    0.000000     0.000000     0.000000    -3.267687    -1.190068     0.350038
    0.000000     0.000000     0.000000    -1.696743    -0.143855    -0.020854
    1.000000     1.000000     0.000000    -0.732297     0.552515     1.313752
    1.000000     1.000000     0.000000    -0.378345     0.184493     0.476390
    0.000000     0.000000     3.000000    -1.133230     0.999798    -1.580576
    0.000000     0.000000     0.000000     0.457556    -2.817986    -0.879482
    1.000000     0.000000     3.000000    -0.263541    -0.005372     0.318189
    0.000000     0.000000     0.000000    -0.251538    -1.357068    -0.546662
    1.000000     0.000000     1.000000     0.965569    -1.023132    -0.487643
    1.000000     0.000000     3.000000    -0.428865     1.138816    -1.072071
    2.000000     1.000000     2.000000     1.158852     0.522962     0.187562
    1.000000     1.000000     1.000000    -1.082088     1.531346     0.477933
    2.000000     1.000000     2.000000     0.818609     1.395104     0.630244
    2.000000     1.000000     3.000000     0.931755     0.040144     0.358205
    1.000000     1.000000     0.000000    -1.343015     1.690180     1.223030
    1.000000     0.000000     3.000000     0.840873    -0.843370    -0.434206
    1.000000     1.000000     0.000000    -0.510445    -0.084036     3.065716
    0.000000     0.000000     0.000000    -0.077057    -0.197804     0.057315
    0.000000     0.000000     0.000000    -0.551608    -1.196359     1.199450
    2.000000     1.000000     3.000000     0.748072     0.825019    -0.953249
    0.000000     1.000000     0.000000    -1.647689    -0.244630     2.180801
    0.000000     0.000000     0.000000     0.044703    -1.509631    -0.118549
    0.000000     0.000000     1.000000     0.075324    -0.179465    -0.596178
    2.000000     1.000000     3.000000     1.356551     1.085745    -1.356149
    1.000000     1.000000     0.000000    -0.149151     0.590437    -0.160417
    2.000000     1.000000     3.000000     1.097386     0.049859     0.213239
    0.000000     0.000000     0.000000    -0.341776    -2.009422    -0.069212
    0.000000     0.000000     0.000000    -0.717463     0.153554    -0.566562
    0.000000     1.000000     0.000000    -0.634733     0.256864     0.868838
    0.000000     0.000000     2.000000    -0.756857     0.971964    -0.958259
    1.000000     1.000000     1.000000    -0.215949     0.263812     0.295501
    2.000000     0.000000     2.000000     1.136070    -0.869665    -0.327742
    0.000000     0.000000     0.000000    -0.691003     0.117203     0.384853
    0.000000     0.000000     2.000000    -0.293067    -1.028108    -1.720374
    0.000000     0.000000     1.000000    -0.193827    -1.117010    -0.145151
    2.000000     1.000000     2.000000     0.417364     1.144587     0.070671
    2.000000     0.000000     3.000000    -0.078644     1.566370    -1.040461
    0.000000     1.000000     0.000000    -1.192510     0.020406     1.601721
    1.000000     1.000000     0.000000     0.276667     0.206790     0.581514
    1.000000     1.000000     1.000000     0.083681     0.429160     0.256463
    1.000000     0.000000     3.000000    -0.825932     0.503331    -0.697347
    0.000000     0.000000     0.000000    -0.857869    -1.670913     1.250896
    0.000000     0.000000     1.000000    -1.684101    -1.179040    -1.999577
    0.000000     0.000000     0.000000    -0.637774     0.061745    -0.318917
    1.000000     0.000000     0.000000     0.979412    -0.767148    -0.413479
    2.000000     0.000000     3.000000     2.326469    -0.975345    -0.569437
    2.000000     0.000000     3.000000     1.292282     0.346601    -1.557848
    1.000000     1.000000     0.000000    -1.006199     0.112107     1.418856
    1.000000     1.000000     0.000000    -0.444933    -0.207841     1.801328
    0.000000     1.000000     0.000000    -2.566324    -1.350518     1.967876
    2.000000     1.000000     2.000000     1.033693    -0.061618     0.643071
    0.000000     1.000000     0.000000    -1.395376    -0.176940     0.878057
    0.000000     0.000000     2.000000     0.003248    -1.336120    -1.695635
    0.000000     0.000000     0.000000    -0.944563    -0.395158     0.561493
    1.000000     0.000000     1.000000     0.559903    -1.091246    -0.143514
    2.000000     1.000000     3.000000     1.151812     1.638128     0.363672
    0.000000     1.000000     0.000000    -0.893892    -0.186511     1.483794
    2.000000     1.000000     0.000000     0.814299    -0.239529     1.714963
    0.000000     0.000000     0.000000     0.228623    -1.848570    -0.237513
    0.000000     0.000000     0.000000    -1.343734    -1.998985     0.799993
    2.000000     1.000000     3.000000     1.169300     0.531299    -0.053207
    0.000000     0.000000     0.000000    -0.442985    -1.697573     0.156142
    2.000000     1.000000     3.000000     0.326839     1.177081     0.175776
    1.000000     0.000000     3.000000     0.174395    -0.500237    -1.162232
    2.000000     1.000000     3.000000     0.004294     2.306670    -0.996533
    0.000000     0.000000     0.000000    -1.247441    -1.581996    -1.090883
    0.000000     0.000000     0.000000    -0.807082     0.228414     0.190029
    1.000000     1.000000     0.000000    -0.929923     0.251629     1.733966
    2.000000     1.000000     3.000000     1.148686     0.530177     0.415275
    1.000000     1.000000     0.000000    -0.093765    -0.715158     1.724036
    2.000000     1.000000     3.000000     0.396461     1.610313     0.919396
    1.000000     0.000000     2.000000    -0.505472     0.222374    -0.616277
    1.000000     0.000000     3.000000     0.086141     0.235078    -1.440663
    1.000000     0.000000     2.000000     0.014308    -0.258957    -0.770205
    1.000000     0.000000     2.000000     0.232466     0.662903    -0.847413
    0.000000     1.000000     0.000000    -0.571364    -0.924720     1.064097
    1.000000     0.000000     0.000000     0.859091    -1.521554     0.249472
    2.000000     1.000000     3.000000     1.993828     0.834070    -1.596304
    2.000000     1.000000     3.000000     0.352065     0.245703     0.146207
    0.000000     0.000000     0.000000    -0.843296    -0.525778    -1.114342
    1.000000     0.000000     2.000000     0.057963    -0.206051    -0.755933
    1.000000     0.000000     1.000000     0.128934    -0.298957    -0.514549
    2.000000     0.000000     3.000000     1.110664    -0.434739    -1.409631
    0.000000     0.000000     2.000000    -1.493829     0.428566    -0.065900
    2.000000     0.000000     3.000000     1.388211    -0.447481    -0.347878
    0.000000     0.000000     0.000000    -0.032246    -0.494977    -0.270764
    0.000000     0.000000     0.000000    -1.481079    -0.976362     0.333163
    2.000000     1.000000     2.000000     0.675080    -0.639525    -0.025482
    2.000000     0.000000     3.000000     0.459937    -0.125184    -1.673939
    2.000000     1.000000     3.000000     1.668044     1.896911    -0.318564
    1.000000     0.000000     3.000000    -0.866613     0.416606    -0.086183
    2.000000     0.000000     3.000000     1.884348    -0.536110    -1.389457
    0.000000     1.000000     0.000000    -1.145017    -2.119180     1.876371
    1.000000     0.000000     3.000000     0.601179    -0.875291    -1.113552
    0.000000     1.000000     0.000000    -0.535763     0.089949     0.516292
    0.000000     0.000000     0.000000    -0.719024    -1.527387     0.217537
    2.000000     0.000000     3.000000     0.759804     1.244298    -1.612742
    1.000000     1.000000     0.000000    -0.636695    -0.618556     1.521805
    0.000000     1.000000     0.000000    -0.548752    -1.082530     0.942399
    0.000000     0.000000     3.000000    -0.129081     0.432764    -1.060501
    2.000000     1.000000     0.000000     0.165281     0.159953     1.323906
    0.000000     0.000000     1.000000    -1.106019    -0.583231    -0.259234
    2.000000     1.000000     3.000000    -0.887726     1.316757     0.968574
    1.000000     0.000000     3.000000    -0.312796     0.708681    -0.744012
    0.000000     1.000000     0.000000    -1.899473     1.255071     0.874194
    2.000000     1.000000     3.000000     0.552465     1.430324    -0.070116
    2.000000     1.000000     3.000000     1.740272     1.401725    -1.062957
    0.000000     0.000000     2.000000     0.107763    -0.276502    -0.960667
    0.000000     0.000000     0.000000    -2.237477    -0.048280     0.036801
    0.000000     0.000000     0.000000    -1.416047    -0.828137    -0.973983
    0.000000     1.000000     0.000000    -0.897475    -0.649356     1.401989
    0.000000     1.000000     0.000000    -0.945780     1.044140    -0.123912
    0.000000     0.000000     0.000000    -1.406566    -0.569953     1.152918
    0.000000     1.000000     0.000000    -2.434328    -0.271174     4.046080
    1.000000     0.000000     0.000000     0.666097    -0.579290     0.193145
    0.000000     0.000000     0.000000    -0.403690    -1.234672     0.624457
    2.000000     1.000000     3.000000     0.915802     1.863830     0.561301
    0.000000     0.000000     2.000000    -0.734180     0.372723    -0.683372
    0.000000     0.000000     0.000000     0.078327    -0.603280    -0.022733
    0.000000     0.000000     1.000000     0.181120    -0.824947    -0.696309
    2.000000     1.000000     3.000000     0.280066     2.271650    -0.991518
    2.000000     1.000000     3.000000    -0.089451     1.705765    -0.010675
    1.000000     0.000000     0.000000     0.292964    -0.869430    -0.145962
    2.000000     1.000000     3.000000    -0.292709     1.256710     0.406476
    0.000000     0.000000     1.000000    -0.253321    -0.149669    -0.322612
    0.000000     0.000000     0.000000    -0.490793    -0.017871     0.075117
    2.000000     0.000000     3.000000     1.057740    -0.568618    -0.967393
    0.000000     0.000000     0.000000    -0.970322     0.199263    -1.492518
    1.000000     0.000000     1.000000     1.036180    -1.645408     0.653690
    2.000000     1.000000     3.000000     2.797728     0.854530     2.129404
    0.000000     0.000000     0.000000    -0.292388    -1.128882     0.405078
    0.000000     0.000000     3.000000    -0.259956    -0.673303     0.058570
    0.000000     0.000000     3.000000    -1.802321     0.448778    -1.277852
    2.000000     1.000000     3.000000     0.840113     2.064301     0.412366
    2.000000     1.000000     3.000000     1.516120    -0.484513     0.287455
    2.000000     0.000000     3.000000     1.660348     0.194275    -0.929297
    0.000000     0.000000     0.000000     0.118479    -2.450354     1.078405
    0.000000     0.000000     3.000000    -0.556418     0.339074    -0.432046
    0.000000     0.000000     0.000000    -0.267700    -0.967607    -1.362587
    0.000000     0.000000     0.000000    -0.230775    -0.491415     0.078882
    2.000000     1.000000     3.000000     0.052223     0.751843    -0.055628
    1.000000     0.000000     0.000000     0.064639    -0.959103     0.625035
    0.000000     1.000000     0.000000    -1.138854    -0.305012     1.507998
    0.000000     0.000000     0.000000    -0.107233    -0.614423    -0.207940
    2.000000     0.000000     3.000000     1.539780     0.188635    -1.304105
    1.000000     0.000000     2.000000     0.363604    -0.050299    -0.843487
    2.000000     1.000000     3.000000     0.436064     1.443541    -0.048859
    0.000000     1.000000     0.000000    -1.856381    -0.205598     1.548593
    0.000000     0.000000     3.000000    -0.411694     0.435359    -1.680031
    1.000000     0.000000     3.000000    -1.001736     1.426028    -1.242310
    0.000000     0.000000     2.000000    -1.564045     0.106105    -1.232320
    0.000000     0.000000     0.000000    -0.873025    -0.688238    -1.048793
    2.000000     1.000000     1.000000     0.663142    -0.418964    -0.402237
    0.000000     0.000000     1.000000    -1.136265     0.849238    -0.327980
    2.000000     1.000000     3.000000     1.292825     2.403692     1.366769
    2.000000     1.000000     3.000000     1.565233     0.463023     0.777467
    0.000000     0.000000     2.000000    -0.065659    -0.465269    -1.413738
    2.000000     1.000000     3.000000     1.595637     0.488513    -0.493200
    2.000000     1.000000     3.000000    -0.626049     1.621686     0.298609
    2.000000     1.000000     0.000000     1.544205     0.997203     1.986479
    2.000000     1.000000     1.000000     0.626944     1.355578     1.476647
    0.000000     0.000000     0.000000    -0.482519    -1.395000    -0.264641
    1.000000     0.000000     0.000000     0.929888    -1.424918    -0.471914
    0.000000     0.000000     1.000000    -1.569179    -0.547622    -2.300896
    2.000000     1.000000     0.000000     0.919694     0.112336     0.807419
    0.000000     0.000000     3.000000    -0.664055     0.122459    -1.012773
    2.000000     1.000000     3.000000     0.819653     0.975557     1.571768
    2.000000     1.000000     3.000000     0.472982     2.817920    -1.423797
    2.000000     1.000000     3.000000     0.346058     0.714820    -0.363390
    2.000000     1.000000     1.000000    -0.926792     2.144192     0.982890
    0.000000     0.000000     1.000000    -0.369096     0.647416    -1.113693
    0.000000     0.000000     3.000000    -1.479484     0.299439    -0.586457
    0.000000     0.000000     0.000000    -0.436918    -2.528694     2.310422
    2.000000     1.000000     3.000000     1.831435     0.754859     0.267213
    0.000000     1.000000     0.000000    -2.142512     1.075908     0.465220
    0.000000     0.000000     0.000000    -1.260418    -1.523868    -0.142848
    2.000000     1.000000     3.000000     0.068384     1.450127    -0.820358
    1.000000     1.000000     0.000000    -1.189098     0.225503     2.211309
    0.000000     0.000000     3.000000    -0.983460     1.200474    -0.809110
    0.000000     0.000000     3.000000    -0.003810     0.420903    -2.805803
    0.000000     0.000000     0.000000    -0.793671    -0.773407     0.099498
    0.000000     0.000000     2.000000    -0.152566     0.032677    -0.920040
    2.000000     0.000000     3.000000     1.473831    -0.393723    -0.445502
    1.000000     0.000000     3.000000    -0.589581     1.098918    -1.374209
    0.000000     1.000000     0.000000    -0.720367     0.272092     1.115851
    0.000000     0.000000     0.000000     0.312969    -1.526991     0.579217
    1.000000     0.000000     0.000000     1.491447    -1.354655    -0.567334
    2.000000     1.000000     3.000000     0.532449     2.408370     0.616923
    0.000000     0.000000     1.000000    -0.879797    -1.407026    -1.362334
    0.000000     0.000000     0.000000     0.790389    -1.653611    -0.606716
    0.000000     0.000000     0.000000    -1.297823    -0.863850     0.346011
    2.000000     1.000000     3.000000    -0.553066     2.699549    -0.405565
    0.000000     0.000000     2.000000    -1.136830    -0.086292    -0.684586
    0.000000     1.000000     0.000000    -1.182941     0.423297     1.270914
    0.000000     1.000000     0.000000    -0.471570    -0.373053     0.252696
    0.000000     0.000000     2.000000    -1.299558     0.364140    -0.444334
    2.000000     0.000000     3.000000     0.289994     0.631230    -1.166320
    2.000000     1.000000     3.000000     1.328911     2.037052     0.960465
    0.000000     0.000000     0.000000    -0.350139    -0.936132     0.490185
    0.000000     0.000000     3.000000    -0.001518     0.114018    -1.028021
    0.000000     1.000000     0.000000    -1.486169     0.273330     0.220989
    2.000000     1.000000     3.000000     1.374261     0.480114    -0.514024
    0.000000     0.000000     0.000000    -0.994682     0.219697    -0.758471
    2.000000     1.000000     3.000000     1.392623     1.538281     0.106402
    1.000000     0.000000     1.000000    -0.304139     0.088258    -0.141299
    1.000000     0.000000     1.000000     0.583400    -0.482596    -0.584003
    0.000000     1.000000     0.000000    -0.852357    -0.856492     1.209103
    2.000000     1.000000     3.000000     0.011163     1.427059    -1.057504
    2.000000     1.000000     3.000000     1.530570     1.819389    -0.300072
    0.000000     0.000000     0.000000    -1.060727     0.215789     0.481653
    0.000000     0.000000     0.000000    -0.607283    -0.693827    -1.497739
    1.000000     1.000000     3.000000    -0.484278     0.922292    -0.113282
    0.000000     0.000000     0.000000     0.189249    -1.695444    -0.993104
    1.000000     0.000000     3.000000     0.667271    -0.152032    -2.347113
    2.000000     1.000000     3.000000    -0.255783     0.473629     0.839404
    2.000000     1.000000     0.000000     0.134169    -1.188341     1.536421
    0.000000     0.000000     0.000000    -0.390936     0.090039    -1.080775
    2.000000     1.000000     3.000000     0.864143     0.991115     0.204712
    2.000000     1.000000     3.000000     0.359282     1.450591    -0.305058
    1.000000     0.000000     3.000000    -0.018387     0.255993    -0.768472
    0.000000     0.000000     2.000000    -1.122667     0.800103    -1.796512
    0.000000     0.000000     0.000000     0.532694    -0.235567     0.227010
    2.000000     1.000000     1.000000     0.852171    -0.657754     0.790831
    1.000000     1.000000     2.000000    -1.711431     1.738179     0.511051
    2.000000     0.000000     3.000000     0.476017     0.427095    -0.742620
    2.000000     1.000000     2.000000     0.363300    -0.087923     0.745208
    1.000000     0.000000     1.000000     0.482630    -0.394055     0.046891
    0.000000     1.000000     0.000000    -0.989389     0.481550     1.053275
    0.000000     0.000000     1.000000    -0.500202    -0.365930    -0.049944
    1.000000     0.000000     3.000000     0.685869    -1.043083    -1.096744
    0.000000     0.000000     0.000000     0.009924    -1.544609     0.095179
    1.000000     1.000000     3.000000    -0.876264     2.420607    -1.407096
    1.000000     1.000000     2.000000     0.079962     0.213105     0.254227
    1.000000     0.000000     0.000000     0.624580    -1.355586     0.138486
    2.000000     1.000000     3.000000     0.077852     1.633822    -0.054251
    0.000000     0.000000     0.000000    -1.371170    -0.147684    -0.349416
    0.000000     0.000000     0.000000    -1.520056    -1.801600    -1.101887
    2.000000     0.000000     3.000000     0.540522    -0.473780    -0.637265
    2.000000     1.000000     3.000000     2.031445     0.411766    -0.479759
    0.000000     0.000000     0.000000    -1.404174     0.180066    -0.017275
    0.000000     0.000000     2.000000    -0.047177    -1.395763    -1.606052
    0.000000     0.000000     1.000000    -1.554500     1.626073    -1.171572
    0.000000     0.000000     0.000000     0.112892    -1.922530    -0.321119
    0.000000     0.000000     3.000000    -0.173218     0.483580    -2.299281
    1.000000     0.000000     3.000000    -0.073586     0.551508    -1.081686
    0.000000     0.000000     0.000000    -0.669924    -1.196835    -0.471067
    0.000000     0.000000     3.000000     0.686511    -0.448251    -2.144356
    2.000000     0.000000     3.000000     1.765653     0.493254    -2.037876
    2.000000     1.000000     2.000000    -0.083477     1.722479     0.847443
    1.000000     1.000000     0.000000     0.236456    -1.089913     1.149353
    0.000000     0.000000     0.000000    -0.742456    -0.786692     0.085320
    0.000000     0.000000     0.000000    -1.425222    -0.901403    -0.173822
    2.000000     1.000000     3.000000     0.302530     1.640926     0.148842
    1.000000     1.000000     0.000000    -1.233324     1.344777     1.236834
    0.000000     1.000000     0.000000    -0.650348    -0.050824     0.545899
    2.000000     1.000000     3.000000     1.287682    -0.174373     0.724034
    2.000000     1.000000     0.000000    -0.184223     0.388060     1.594300
    0.000000     0.000000     0.000000    -1.281623    -0.198891    -0.577500
    2.000000     0.000000     3.000000     0.512064     0.421178    -0.730185
    2.000000     1.000000     2.000000    -0.016050     0.967308     0.813558
    0.000000     0.000000     2.000000    -1.027114     0.586558    -0.833409
    2.000000     1.000000     3.000000    -0.008120     0.440642     0.394099
    2.000000     0.000000     3.000000     0.885011    -0.240051    -1.230736
    2.000000     1.000000     3.000000     1.810215     0.450413    -0.133492
    2.000000     1.000000     3.000000     0.300037     1.695404    -0.498821
    2.000000     1.000000     3.000000     2.249571     0.324575     0.282705
    0.000000     0.000000     0.000000    -1.763711    -1.921437    -0.024562
    0.000000     0.000000     3.000000    -0.188374    -0.146192    -1.401146
    1.000000     0.000000     3.000000    -0.112727     0.310732     0.041971
    0.000000     0.000000     3.000000    -0.726875    -0.363719    -0.943457
    1.000000     1.000000     0.000000     0.063536    -0.022768     0.308500
    1.000000     0.000000     3.000000     0.064482     0.166200    -0.471230
    2.000000     1.000000     0.000000    -0.107877     0.750805     0.111593
    1.000000     0.000000     1.000000     0.466262    -0.600493    -0.160385
    0.000000     0.000000     0.000000     0.026496    -0.539529    -0.555949
    2.000000     1.000000     1.000000    -0.967889     2.183749     1.038664
    2.000000     0.000000     3.000000     2.556597    -2.167498    -0.498316
    2.000000     0.000000     2.000000     1.514133    -0.771088    -0.590599
    0.000000     0.000000     0.000000    -0.998319    -0.112967     0.019623
    0.000000     1.000000     0.000000    -0.702474    -0.148568    -0.469614
    0.000000     1.000000     0.000000     0.027896     0.683727    -0.894077
    0.000000     0.000000     0.000000    -1.511770     0.311787     0.279352
    2.000000     1.000000     2.000000     0.592246     1.431570     0.823605
    0.000000     0.000000     0.000000    -2.223685    -0.089783     0.549449
    2.000000     1.000000     3.000000    -0.025039     0.965143     0.901421
    1.000000     1.000000     1.000000     0.309789     0.370254    -0.045713
    2.000000     1.000000     0.000000     0.371619     1.018638     1.312030
    2.000000     1.000000     2.000000    -0.101963     1.972321     0.846333
    2.000000     1.000000     0.000000     1.304638    -0.247004     1.009974
    0.000000     1.000000     0.000000    -0.912819    -0.818611     1.680021
    2.000000     1.000000     3.000000     0.615769     0.486451     0.347878
    2.000000     1.000000     3.000000     1.140562     0.597471     0.742559
    0.000000     0.000000     1.000000     0.403265    -1.109989    -0.931076
    0.000000     0.000000     0.000000    -0.792299     0.052230    -0.927220
    2.000000     1.000000     3.000000     0.727072     2.197618     0.133965
    0.000000     0.000000     0.000000    -1.216052     0.540775    -0.262970
    1.000000     1.000000     1.000000    -0.814739     0.484399     0.982802
    2.000000     1.000000     0.000000     0.859810     0.256971     1.134825
    2.000000     0.000000     3.000000     1.159416    -0.852748    -0.133741
    2.000000     1.000000     0.000000     0.058529     0.401288     2.510110
    0.000000     0.000000     1.000000    -0.130644    -0.942060    -1.749028
    0.000000     0.000000     0.000000     0.505033    -1.819887    -0.811934
    1.000000     1.000000     0.000000     0.264118    -0.033960     0.395256
    0.000000     0.000000     1.000000    -1.040277     0.251617    -0.297518
    1.000000     0.000000     3.000000     0.470750    -0.120041    -1.614878
    2.000000     1.000000     3.000000     1.906767     0.456554    -0.692057
    0.000000     1.000000     0.000000    -0.631479    -0.301529    -0.110739
    0.000000     0.000000     3.000000    -0.166106    -0.135319    -1.099036
    2.000000     1.000000     2.000000     1.325694    -0.449597     1.168491
    0.000000     0.000000     1.000000    -0.879993    -0.409155    -0.578957
    2.000000     1.000000     1.000000    -1.087978     2.731698     2.932551
    2.000000     1.000000     0.000000     0.199954    -0.170190     0.958705
    2.000000     1.000000     0.000000     1.973634    -1.580814     0.331091
    2.000000     1.000000     3.000000     0.330811     0.536335     0.015268
    2.000000     1.000000     1.000000     1.886136    -0.240588     1.521374
    2.000000     1.000000     2.000000     0.411494     1.065746    -0.130959
    0.000000     0.000000     3.000000    -0.023678    -0.727819    -0.913157
    2.000000     1.000000     3.000000     0.834753     0.315391    -0.218530
    0.000000     0.000000     0.000000    -1.124091    -0.998131     0.028475
    2.000000     1.000000     2.000000     0.623402     1.496547     0.788292
    0.000000     0.000000     0.000000    -0.715275    -1.408108     0.140936
    1.000000     0.000000     3.000000    -1.246898     1.201913    -0.529978
    0.000000     0.000000     2.000000    -0.430849    -0.059405     0.177966
    0.000000     0.000000     1.000000    -2.288828     0.945908    -1.258407
    0.000000     0.000000     0.000000    -2.214483    -0.127335     0.284016
    1.000000     0.000000     3.000000    -0.157910     0.878049    -1.062487
    2.000000     1.000000     3.000000     1.342104    -0.549824     0.447183
    1.000000     1.000000     0.000000     0.025795    -0.603506     1.687789
    2.000000     1.000000     2.000000     1.669761    -1.043107     1.396588
    2.000000     1.000000     0.000000     0.376056     0.163158     1.064438
    2.000000     1.000000     3.000000    -0.116981     1.668117     0.148244
    0.000000     0.000000     3.000000    -0.679761     0.845397    -1.497928
    1.000000     0.000000     0.000000     0.757099    -0.775319    -0.178299
    0.000000     0.000000     3.000000    -1.505574     0.999408    -2.076846
    2.000000     1.000000     3.000000    -0.009670     1.604672    -0.598209
    2.000000     0.000000     3.000000     1.387517     0.129457    -1.803200
    0.000000     0.000000     0.000000    -0.089358    -0.644750     0.525575
    2.000000     1.000000     0.000000    -0.185189    -0.284857     1.661494
    2.000000     1.000000     3.000000     0.480886     1.591629     0.747624
    2.000000     0.000000     3.000000     1.152929     1.532443    -1.999459
    2.000000     1.000000     0.000000    -0.128202    -0.832504     3.191610
    0.000000     1.000000     0.000000     0.250921    -1.187569     0.696495
    2.000000     0.000000     3.000000     0.224425     0.037818    -0.569007
    0.000000     0.000000     3.000000     0.055004     0.370288    -1.132649
    2.000000     0.000000     3.000000     1.757780     0.951876    -1.263397
    0.000000     0.000000     0.000000    -2.414484    -0.897094     0.006862
    0.000000     0.000000     0.000000    -0.676011    -0.522620    -0.374678
    2.000000     1.000000     3.000000     1.428027     0.493457    -0.980135
    0.000000     0.000000     0.000000    -0.368858    -0.843359     0.119281
    1.000000     0.000000     1.000000     0.923123    -0.259093    -1.410886
    1.000000     0.000000     0.000000    -0.060660    -0.067527    -0.260948
    2.000000     0.000000     3.000000     0.811345     0.890590    -1.219067
    2.000000     1.000000     0.000000    -0.554889     1.163411     1.670663
    1.000000     0.000000     1.000000     0.248041    -0.044188    -0.422393
    0.000000     0.000000     3.000000    -0.379038     0.310997    -1.120727
    2.000000     0.000000     3.000000     0.516585    -0.026997    -0.682956
    0.000000     0.000000     0.000000     0.339499    -2.147074    -0.069434
    2.000000     1.000000     2.000000     1.473927    -0.135534    -0.542410
    0.000000     0.000000     3.000000    -0.021445     0.201775    -0.408723
    0.000000     0.000000     2.000000    -0.330069    -1.176186    -1.898186
    2.000000     1.000000     2.000000     0.503945     0.498143     1.047990
    0.000000     0.000000     0.000000    -1.533539    -0.159145    -0.663304
    0.000000     0.000000     0.000000    -0.505549     1.190457    -0.549028
    0.000000     0.000000     0.000000    -0.981633    -0.604409     0.136565
    0.000000     0.000000     0.000000    -0.664714    -1.215593    -0.453884
    2.000000     1.000000     3.000000     0.640215     1.485497     0.165195
    2.000000     1.000000     3.000000     0.133387     1.595296    -0.456442
    2.000000     1.000000     3.000000     1.124762     0.136438    -0.482958
    2.000000     1.000000     1.000000     2.333044     0.098763     1.738638
    2.000000     1.000000     1.000000     1.415076     0.318484     0.555718
    0.000000     0.000000     0.000000    -0.607746    -0.756431     0.364675
    2.000000     0.000000     3.000000     1.892914    -0.557336    -0.663302
    0.000000     0.000000     0.000000     0.253946    -2.058982     0.113053
    0.000000     0.000000     0.000000    -2.471722    -0.252611    -1.088445
    1.000000     0.000000     2.000000    -0.247226     0.100898    -0.179724
    2.000000     0.000000     3.000000     0.632062     1.900108    -3.238039
    0.000000     0.000000     3.000000     0.354490    -0.933032    -0.880249
    0.000000     0.000000     0.000000    -1.214918    -0.851824     0.339320
    0.000000     1.000000     0.000000    -0.766922    -0.736020     1.020243
    0.000000     0.000000     3.000000    -0.334353    -1.159213    -1.206848
    2.000000     1.000000     3.000000     2.024698    -0.421324     0.374576
    1.000000     1.000000     2.000000    -1.349272     1.694325    -0.170868
    2.000000     1.000000     3.000000     1.406930    -0.112617     0.395827
    1.000000     0.000000     0.000000     0.624011    -0.672729    -0.675959
    2.000000     1.000000     3.000000     0.669858     0.692269     1.889046
    0.000000     0.000000     0.000000    -1.403484    -1.092868     0.794225
    0.000000     0.000000     0.000000    -0.042212    -1.600699     0.164311
    2.000000     1.000000     0.000000     0.860452    -0.615915     0.652243
    1.000000     1.000000     0.000000     0.116702    -0.386071     2.085462
    0.000000     0.000000     0.000000     1.566620    -3.638545     0.226831
    0.000000     0.000000     3.000000    -0.864956     0.173241    -1.501703
    1.000000     0.000000     3.000000     1.162138    -0.839248    -1.664251
    0.000000     0.000000     0.000000    -1.290974    -1.769508     0.109122
    1.000000     0.000000     0.000000     0.151487    -0.328048     0.675172
    0.000000     0.000000     3.000000    -0.474408    -0.186965    -1.137213
    0.000000     0.000000     0.000000    -1.356842    -0.451196    -0.669743
    0.000000     1.000000     0.000000    -0.877253    -0.566876     1.822060
    0.000000     1.000000     0.000000    -0.380390     0.069793     0.199901
    0.000000     0.000000     0.000000    -0.113596    -1.631732     0.592379
    2.000000     1.000000     3.000000     0.116955     0.932196    -0.947581
    0.000000     0.000000     1.000000    -0.598166    -0.638550    -1.875812
    2.000000     1.000000     3.000000     1.684072     0.096380     0.753056
    2.000000     0.000000     3.000000     1.003693     0.370979    -0.920074
    0.000000     0.000000     0.000000    -1.009092     0.236843     0.128764
    2.000000     1.000000     0.000000     1.477615    -0.990778     2.023246
    0.000000     0.000000     0.000000    -2.108042    -0.903271    -0.502911
    2.000000     1.000000     3.000000     0.364297     0.510339     0.235366
    2.000000     1.000000     1.000000     1.153729    -0.028596     0.401682
    0.000000     0.000000     0.000000    -0.101600    -1.708473    -0.060336
    1.000000     1.000000     3.000000    -0.221041     1.503768    -0.475351
    2.000000     1.000000     0.000000    -0.142042    -0.056067     1.196274
    0.000000     0.000000     0.000000    -0.936642    -2.026260     1.059706
    0.000000     0.000000     0.000000    -1.780316     0.370626    -0.110919
    1.000000     1.000000     0.000000    -0.507825     0.568415     1.895889
    2.000000     1.000000     1.000000     0.828687     1.565846     0.525316
    0.000000     0.000000     0.000000    -0.014663    -1.806279     0.580658
    1.000000     1.000000     0.000000    -0.689916    -0.564005     1.744391
    0.000000     0.000000     2.000000    -0.113032    -0.636951    -1.374468
    2.000000     1.000000     3.000000     1.911297     0.575013    -0.017798
    0.000000     1.000000     0.000000    -1.066792    -0.845078     0.330784
    0.000000     1.000000     0.000000    -1.122411    -0.235602     1.042397
    1.000000     0.000000     1.000000     0.445109    -1.113175     0.291591
    1.000000     0.000000     3.000000     0.375879    -0.030725    -0.745753
    0.000000     1.000000     0.000000    -1.245772     0.588811     0.091838
    0.000000     1.000000     0.000000    -2.015435     0.199276     0.690848
    2.000000     1.000000     0.000000     0.383653     1.036703     1.570749
    0.000000     0.000000     1.000000    -0.074810    -1.667405    -0.397310
    0.000000     0.000000     1.000000     0.085470    -0.790366    -1.159987
    2.000000     1.000000     3.000000     0.023477     0.478134    -0.399870
    1.000000     0.000000     3.000000    -0.161686     0.805151    -0.775018
    2.000000     0.000000     3.000000     0.495713     0.237066    -1.094556
    2.000000     0.000000     3.000000     2.264297     0.423711    -1.216823
    0.000000     0.000000     0.000000    -0.424422    -0.640795     0.133818
    1.000000     0.000000     3.000000    -0.293297     0.866321    -0.993122
    2.000000     1.000000     3.000000    -0.546407     0.875033     0.073166
    2.000000     1.000000     1.000000     0.501609     0.743096    -0.251212
    2.000000     1.000000     2.000000     2.084428     0.035402     1.573341
    0.000000     0.000000     3.000000     0.080980    -0.065342    -0.733144
    0.000000     0.000000     1.000000    -0.914460     1.235239    -0.734466
    2.000000     1.000000     3.000000     0.586051     0.980376     0.159380
    0.000000     0.000000     0.000000    -0.976215    -0.528762    -0.377905
    0.000000     1.000000     0.000000    -0.051283    -0.784430     0.287184
    0.000000     0.000000     3.000000     0.213584    -0.242857    -1.146692
    1.000000     1.000000     0.000000    -0.497857     0.427265     0.849312
    2.000000     1.000000     3.000000     1.676012     1.341173    -0.662036
    2.000000     0.000000     3.000000     1.315001     0.258920    -0.981777
    1.000000     1.000000     0.000000    -0.883375     1.145540     1.476194
    2.000000     1.000000     0.000000     0.209278     0.351639     1.029674
    0.000000     0.000000     2.000000    -1.089358     0.664724    -1.349349
    0.000000     0.000000     2.000000    -0.929649    -0.600616    -1.229271
    0.000000     0.000000     2.000000     0.235693    -0.843527    -0.714147
    2.000000     1.000000     1.000000     0.813420    -0.140390     0.138921
    0.000000     0.000000     0.000000    -3.519210    -0.044109     0.939062
    1.000000     0.000000     3.000000    -0.108446     0.652522    -1.034038
    1.000000     1.000000     0.000000    -0.582128    -0.285336     0.884706
    1.000000     0.000000     3.000000     0.351557    -0.081724    -1.141252
    2.000000     1.000000     0.000000     0.646542    -0.506817     1.136684
    1.000000     1.000000     0.000000     0.023575    -0.642223     0.871759
    2.000000     1.000000     0.000000    -0.850404     0.891439     1.406238
    1.000000     0.000000     1.000000     0.008684    -0.469115    -0.032815
    2.000000     1.000000     0.000000     1.099328    -0.026479     2.208216
    2.000000     1.000000     0.000000     0.369806     0.188635     1.373572
    0.000000     0.000000     2.000000     0.169543    -0.982373    -1.377995
    0.000000     0.000000     0.000000    -0.314493    -0.707068     0.340899
    2.000000     1.000000     3.000000     0.694673     1.552684     0.745283
    0.000000     0.000000     3.000000    -1.817299     0.799305    -1.388133
    1.000000     0.000000     3.000000     1.282456    -1.909953    -1.238130
    0.000000     0.000000     0.000000    -0.446708    -1.648799    -0.607759
    0.000000     0.000000     0.000000    -0.288779    -0.568612     0.080133
    1.000000     0.000000     3.000000     0.994035    -0.758746    -1.006688
    1.000000     0.000000     3.000000    -0.348198     1.266071    -2.039213
    1.000000     1.000000     3.000000     0.080811     1.836112    -1.447543
    0.000000     0.000000     0.000000    -0.718782     0.225340    -0.070366
    2.000000     1.000000     1.000000     0.637504     0.400916     1.126114
    2.000000     1.000000     1.000000    -0.394226     0.941136    -0.043180
    1.000000     0.000000     2.000000     0.553428     0.035978    -0.202649
    2.000000     1.000000     0.000000     0.954251    -0.248800     2.016763
    2.000000     1.000000     3.000000     2.421291     1.177440     0.450108
    0.000000     0.000000     0.000000     0.313199    -1.854559     1.253360
    1.000000     1.000000     1.000000    -0.277928     0.201924     0.784882
    2.000000     0.000000     3.000000     1.580518     0.324658    -0.919576
    0.000000     0.000000     0.000000    -2.189517    -2.219964    -0.456921
    0.000000     0.000000     1.000000     0.117191    -1.005949    -0.282272
    2.000000     1.000000     0.000000     0.356516     0.249391     1.594212
    2.000000     1.000000     3.000000     0.955153    -0.078002     0.161591
    0.000000     0.000000     0.000000    -0.108389    -0.752021    -0.306941
    2.000000     1.000000     0.000000     0.344373     1.417757     0.788611
    0.000000     0.000000     0.000000    -1.498752     0.301638    -0.955074
    0.000000     0.000000     3.000000    -0.958091     1.147067    -1.035419
    0.000000     0.000000     0.000000    -1.699971     0.348649     0.243092
    0.000000     0.000000     2.000000    -0.014256    -0.222312    -1.550911
    0.000000     0.000000     0.000000    -0.806818    -0.185552     0.056964
    0.000000     0.000000     0.000000     0.166528    -1.024645     0.120041
    0.000000     0.000000     0.000000    -1.646041    -2.410048     0.291371
    2.000000     1.000000     0.000000    -0.177408     0.209757     1.854092
    2.000000     0.000000     3.000000    -0.085297     0.350232    -0.377809
    2.000000     1.000000     0.000000     0.402873    -1.230609     2.112638
    2.000000     1.000000     2.000000     0.831816    -0.446757     0.131561
    0.000000     1.000000     3.000000    -0.784348     0.461113    -0.128598
    2.000000     1.000000     0.000000     0.739407     0.875370     1.353854
    0.000000     0.000000     2.000000     0.677827    -1.375099    -1.254715
    2.000000     1.000000     3.000000     0.824462     0.533373     0.782761
    2.000000     1.000000     2.000000     1.092158     1.001474     0.264828
    0.000000     0.000000     0.000000    -1.758257    -1.566443    -1.182024
    2.000000     1.000000     0.000000     0.031374    -0.834695     1.843318
    0.000000     0.000000     3.000000    -0.892093     0.114979    -0.542793
    0.000000     0.000000     0.000000    -0.430628    -0.501871    -0.339359
    1.000000     0.000000     0.000000    -0.493972     0.342203     0.022761
    0.000000     0.000000     1.000000    -0.932443    -0.445268    -1.082065
    1.000000     0.000000     3.000000     0.185226    -0.044400    -0.560764
    0.000000     0.000000     0.000000    -1.077957    -1.542288     0.652315
    2.000000     1.000000     2.000000     0.220863     1.187038    -0.145653
    1.000000     0.000000     3.000000     0.547425    -0.149812    -1.081813
    2.000000     1.000000     0.000000     2.152607    -1.872412     0.363828
    2.000000     1.000000     3.000000     0.951775     2.115694     1.490546
    1.000000     1.000000     0.000000    -0.120493    -0.181691     0.516746
    1.000000     1.000000     2.000000     0.534109     0.279451    -0.686851
    0.000000     0.000000     0.000000    -2.016392    -0.503725    -1.643147
    0.000000     0.000000     1.000000    -0.052756    -0.356763    -0.527182
    2.000000     1.000000     0.000000    -0.057571    -0.056396     2.393358
    2.000000     1.000000     2.000000     1.173829     0.072963    -0.178705
    0.000000     1.000000     0.000000    -2.401884     1.946790     0.030244
    0.000000     0.000000     0.000000    -0.887304    -1.627948     0.002519
    1.000000     0.000000     3.000000     0.149983     0.566889    -1.356586
    1.000000     0.000000     1.000000     0.806605    -0.854203     0.015277
