   -0.378137     0.075915    -0.628122    -0.880031    -2.703588     0.789544     0.369423     0.677649     1.859322     1.886903     0.447027     0.678236
    1.118025     1.753513     2.177335     0.642068     1.722000     0.127374    -0.324017     0.634312     0.178495    -0.760867    -1.081870    -0.793253
    0.194822    -0.600631    -1.481951    -0.311791    -2.044864    -1.113668    -0.631615    -1.034981    -0.005553    -0.558788     1.191310     0.178950
    1.491893    -0.223520    -0.395545     0.939834     0.600017     2.824590    -1.966773    -0.725317     0.213274    -0.646794     0.050215    -1.059023
   -0.441761    -0.447650     1.082701    -0.647520     0.669891     0.576646     0.001154    -0.198322    -0.797221     0.280672    -0.290995    -0.099085
    1.138741     0.517782     0.134229     0.198726     1.479790     1.516361    -1.424818     2.138852     1.618477    -1.519581    -0.792117     0.042684
    1.152171    -0.824420    -0.275701     0.018443     0.641651    -0.416675    -0.195963    -0.687726    -0.101978     0.005205    -1.416344    -0.916497
   -0.800556    -0.541102    -0.439135     2.384051     0.515811    -0.469662     0.171014     0.302829    -0.353377     0.227502    -1.227540    -0.587613
   -1.165120    -0.758964     1.014575     0.093293     0.463495     0.194117     1.288308     0.104223     1.578489     1.178340    -0.928184     0.119594
    0.948718     0.540606    -0.012073    -0.775103    -1.236088     0.024158     0.003593    -0.103290     1.278620     0.534449     1.017232     2.470347
   -2.304081    -0.165924     0.365355    -0.692320    -0.051887     0.252218    -1.016032    -0.462775    -0.784571    -1.126913    -1.091876     0.061827
    1.411783     2.157774     0.688989    -0.007625     0.767466     0.676582     0.100804    -0.078657    -1.343141     0.300713    -1.044774    -0.412443
    1.636943     0.840532     0.261240    -0.050454    -0.123937     1.225114    -0.218937    -0.225330     0.406048    -0.964958     1.300798     0.236104
   -1.611593     0.126856    -0.915086    -1.071253    -0.875596     0.132200     0.879467     1.207311    -0.368779    -1.667594    -0.244091    -0.907011
    0.430776    -0.033941     0.687330     0.813981     0.233469     1.267578    -2.798568    -0.388835    -0.630949    -1.204742     0.207882    -1.301399
    1.747475     1.275529     1.244915    -0.681280     0.113538    -0.262647     1.241018    -0.530038    -0.260765     0.634435     1.540681     0.772812
    0.906345     0.103272     0.121836    -0.192402    -1.820353    -2.471676    -1.490989     1.399479    -1.295212    -0.659141    -1.442276    -2.590477
    0.785583     0.848055    -0.229527    -1.757056     1.031029    -0.077899     0.516498     0.346170    -0.828774    -0.736173    -0.064494     0.265273
    1.060095     1.221176     0.188316    -1.684174    -1.383860    -0.851036     0.020574     0.953570    -0.222552    -0.440224     1.303314     1.614195
   -0.520763    -0.901598    -1.605147    -0.245181     0.548502     0.884729    -0.219912     1.402037     0.539608    -1.301008    -0.712501    -0.399972
   -0.549370    -0.292237     0.625577     0.261171    -0.167689    -0.220977     0.221677     0.604257     1.058377     0.337871     0.803559    -0.059355
    0.268108     0.168405     1.130272     0.600931     1.878767     0.998516     0.475321     0.460478     0.969278    -0.120874    -1.186859     0.752231
   -0.505703    -0.371151     2.228659    -0.601207    -0.951904    -1.118688     0.307231     1.033624     0.798219     0.397810     1.755468     1.282353
   -0.747776     0.059141    -1.126567    -0.619035    -0.482895    -1.284876     1.411063     0.464644    -0.530517     1.116172    -0.503232    -0.638883
    0.180489    -0.553464    -1.170838    -0.012897    -0.452267    -0.558143    -2.480959    -1.958039    -0.381795    -0.898771    -0.864818    -0.219519
    1.079749     1.680602     0.637503    -0.502614     0.829975    -0.030904     1.490341     1.461479     2.041719    -1.268596    -0.150493    -0.376219
    0.366132     1.124289     1.153016    -0.467853    -1.194592    -0.060236    -0.619630     1.066893    -1.409975     2.336477     2.051835     0.712555
    0.487754    -0.415430    -0.203441     2.178638     1.049521     1.640439    -0.537641    -1.705604    -0.966070     0.085112    -0.619704     0.219294
    1.086637     1.533995     1.539818    -0.846693    -0.600477    -0.833801     1.587015     1.017031     1.757527     1.396313    -0.324743     1.800793
   -1.069333    -1.286102    -0.736081    -0.084283     0.321866     1.558561     0.838095     0.977417     0.244134     0.660305     1.675015    -0.736355
   -1.421241    -0.674211    -2.025635     0.550518     1.346942    -0.463703     0.779069     1.094534    -0.787276     1.058409     0.387686     0.432832
   -1.519160    -0.024524    -0.801973    -1.063719    -0.359930    -0.012282    -1.915834    -2.656800    -0.471824     1.627869     0.817169     0.236568
   -0.800097     0.743781    -1.244315    -0.005491    -0.225051     0.666160    -1.008454    -1.434183    -1.006883    -1.705776    -1.595535     0.138685
    0.197887    -1.713147    -0.046398     0.044954    -0.156500     1.126001    -0.302102     0.034023    -1.326172    -1.064274    -1.192494    -2.105915
    0.523705     0.507713     0.516461     0.690397    -0.383084     0.164586     0.537465     0.483171     0.609175    -0.167187    -0.553722     0.290529
   -1.828327    -1.687016    -1.910614     0.795179     0.207381     0.363257    -0.224127     1.441228     0.408114    -1.234874    -0.938411     0.123785
   -0.811015    -1.557639    -1.110157     0.984110     0.273236    -0.861323    -0.396438    -0.941663    -1.053116     0.776839     0.219649    -0.207740
    1.602637     2.349286     1.816951    -0.785556    -1.100763    -1.571322    -0.315156     0.563952     1.393364     2.044719     3.273354     1.586707
    1.705024    -0.340409    -0.429791    -1.800460    -2.448919    -0.617717    -1.270599     0.087854    -1.639994     0.378869     0.776782     1.384221
   -0.396022    -0.067475    -1.140658    -0.905841    -1.059260    -0.123333     1.342181     1.051915    -0.285131     0.339122    -0.263354    -1.115870
    1.531213     0.246976     1.688693    -0.615852     0.050049    -0.333601     0.844709     1.270959    -1.441806     0.187451     0.400920     0.931419
   -0.115264    -1.445395     1.274894    -0.438988     0.692553     1.240218    -0.805442    -0.149885    -0.058149    -0.353385     1.547307     0.179325
   -1.468981    -1.805715    -1.240624     1.789495     1.384857     0.556866    -0.337356     0.033113    -0.607238     1.411073     1.108477     0.249843
    1.103994    -0.650540    -0.443890     1.949303     0.387216     0.355439    -0.488608     0.537787     0.066270    -0.308770    -0.849521    -1.177007
   -0.908477    -0.012593    -0.632893    -0.378194     0.055123    -0.423296     1.212257     0.854414    -0.061385    -0.287580     0.491745    -0.966973
   -0.872271     0.901430    -0.385782     0.082187     0.696689     0.753533     1.281462     0.625197     2.014448    -0.589652    -1.469306    -0.707314
   -1.465461     0.044844    -0.919705    -0.925774    -1.404996    -1.771436     0.134271     0.614714     0.453825     0.327794     0.722097    -0.945964
    1.199034     0.647201     1.232770     0.025869     0.795169     0.062026    -0.275929    -0.515387    -1.772187    -0.076370    -0.329842    -1.278722
    0.022694    -0.610549    -0.606567     1.515810     0.634973     1.299318     1.460167     0.664883     0.775732    -0.148530    -0.151696     0.927532
    0.431275     0.706946    -0.181341     0.073155    -0.406520     0.117215    -0.047841    -1.556311    -0.667721     0.695362    -2.747190     0.422885
    0.044081     0.190035     0.824370     0.883774     1.582056     1.756927    -1.044555    -1.175544    -1.183487     0.785288    -0.710141     1.010840
   -0.459229    -1.507972    -0.889342    -0.664150     0.509793    -0.256198     1.775256     0.175461    -0.109111    -0.389336    -0.678261    -0.940695
   -1.300745    -0.384355    -0.961962    -0.751041    -1.106570    -1.002333    -0.714257    -0.395993    -1.251443     1.404600     0.655809     1.373310
    0.058676    -0.494663    -0.871139     0.244673     0.258545    -0.088122    -2.013822    -1.871170    -0.491620     0.234254     0.810463    -0.759671
    0.235975     0.166310    -0.160718     1.050145    -0.458047    -0.518774     0.993113     0.779864     0.469127     0.076137     0.132647    -1.294695
   -0.145271    -0.295158    -0.381237    -0.383511    -0.071894    -0.618026    -0.136972    -1.002931    -0.246317    -0.251406     0.621670     0.757777
    0.370689     1.084565     0.871973    -0.820522     0.665013    -0.420893     0.545716    -0.784705     1.106857     3.032503     0.873616     0.337920
    0.070349     1.616001     0.918044    -0.551225     0.190758    -0.432832     0.634420     1.063570     0.647560     0.742222    -0.330635    -0.717621
    1.138897     0.538237     1.464870    -0.457983     0.495323     0.861061     0.519967     0.253722     0.580061    -0.598258    -2.128416    -0.665131
   -0.283023    -0.101546    -0.740444    -1.489720    -0.589317    -0.063916    -0.321355     0.185593    -0.808624     0.020110    -0.093051     0.848842
   -0.870131    -0.091288     0.239621    -2.396730    -1.740457    -0.623397    -1.440937    -0.403746     0.235085    -0.457849     0.640030     0.741170
    0.021611     0.590331     0.402528     1.592236     0.548181     0.735348    -1.146118    -1.010836    -1.227688    -0.440679    -0.846715    -0.535369
    0.201679    -0.468163    -0.283489     0.684716     0.326221     1.626748     0.259799     0.575189     0.516941    -2.550343    -1.782640    -2.268375
   -1.191111    -2.453095    -0.666571     0.393573     0.689183     0.244324    -0.758756    -0.369374    -0.208487     0.351428    -0.429992    -1.173453
   -1.182219    -0.087114     0.796018     1.559878     0.194757    -0.501726    -0.407648    -0.696360    -0.721811    -0.121366    -0.359642     0.402568
    0.259890     1.139768     0.405121     0.162831    -1.568419     0.779123     1.137293    -0.741233     0.337414    -1.344084    -0.945899    -0.404040
   -0.014044    -0.095004     0.200946     1.672910    -0.375613     0.045332    -1.595271    -0.593599    -1.979947    -1.012070    -1.086337    -0.824513
   -0.888398    -0.092288    -0.473694    -0.070947    -0.545663     0.212660     0.065425    -1.055356     0.170281    -0.560002    -0.458484     0.353853
    0.865410     1.555143     0.282741    -0.587204    -0.327112    -0.436817     0.315062    -0.505909     1.034361     0.504565     0.040731     2.639932
    0.832702     0.113150     0.821174    -0.069529     0.201027     1.279086    -1.588362     0.914830    -0.129861     2.093650     1.237619     0.972299
    0.872048     0.888337     1.315021     0.252762    -1.761117    -1.422723    -1.306902     0.085667    -0.695343    -1.799018    -1.041580    -0.491817
    0.570574     1.141559    -0.081828     1.316421     1.298399     1.230776     1.182618    -1.018578     1.610628     0.776880    -0.895239    -0.866346
   -0.772788    -1.988992    -0.665825     1.327326     1.101528     0.199614     0.231751     0.157606     0.252205    -1.340540    -1.859596    -1.386719
   -0.656247     0.386152     0.033544     0.549722     0.366811    -0.161813    -0.414588     0.467532     0.333247     1.122683     1.266387     1.227251
   -0.624658     1.150219     1.624594    -0.698951     0.127758     1.017785    -1.567886    -1.230291    -2.172962     0.168149     1.959431     0.368074
    1.502160    -0.401978     0.456957    -0.131931     0.006323     0.186666    -0.423951    -0.163813    -0.923904     0.839842     0.739948     1.150385
    0.203039     0.339515     1.738930    -0.683711    -0.713353    -0.394123    -0.629360    -1.541380     0.640018    -0.812776     0.311504    -0.296097
   -0.442573     0.904672     0.255666    -0.124831     0.366953     1.087178    -0.493137     0.750693     0.428547    -0.682049     0.230158    -0.547013
    1.758615     1.449536     0.808859    -0.686741    -0.491846     0.020704     0.295421    -0.256365    -1.911726    -0.227138     0.526445     0.569787
   -0.062619     0.008356    -0.155415     0.814988     1.978805    -0.448742    -0.858205    -0.927686    -0.651381     1.411564     0.602218     1.525481
   -0.801740    -0.392282    -0.585396    -0.958866    -0.338925     0.362021     0.818764    -1.670470    -0.255783     1.400515     0.336203     0.500151
    1.043682     0.847727     0.546690    -1.806286    -0.521424    -0.408916     0.076114     0.689732    -0.366688    -0.291141     0.666293    -0.324327
    0.693936     0.357033     0.091005    -0.285081     0.403604    -1.729222    -0.177982    -0.380908    -0.770299    -1.210176    -2.377429    -2.159969
   -0.175147    -1.923750    -1.049049    -1.225155    -0.733287    -1.996889    -0.045714    -0.293614    -0.189503     0.433440     1.446735     2.198212
    0.386090    -0.312633     0.807435    -0.504343    -1.158404     0.372620     0.544474     0.434905     0.114376    -1.257264    -0.668734    -1.472437
   -0.041980     1.458350     0.236095     2.084447     1.149133     1.674234     1.559732     0.392664     1.694446     0.337384     1.427052     0.729145
    0.495731     1.042681     0.773570    -0.408528     0.100667     0.206276    -0.704420    -0.913084    -2.280181    -0.018621    -0.146599    -1.278923
   -1.287873    -0.061259     0.884783    -1.304447    -1.182766    -1.354037    -2.426171    -1.100499    -0.694753    -0.310388     0.792480     0.837539
    1.161570    -0.039693     0.388683     0.918021    -0.911084    -1.494818     0.813790     0.061456    -1.321887    -0.549652    -0.582075    -0.361015
    0.540902     1.658008     1.837704     0.464101     1.603180     1.744295     0.390264     0.686386    -0.248910    -0.931969     0.040098     0.017239
    0.348195     0.090171     0.979916     0.724898     1.452770     1.274093     1.879712     2.322146     0.182123    -0.461844    -2.078001    -2.489640
   -0.198377     0.135495     0.450432     1.624271    -0.973962    -0.105263    -0.848712    -0.876967     0.657535     0.497502     0.615235     0.093346
    0.397835     0.508912    -0.562984    -0.422731    -0.246694    -0.017957    -0.270479    -0.588744    -0.893935     0.511342     0.944502     0.504561
   -0.296462     0.144003    -0.658482     0.662799     1.153288     0.882426    -0.713483    -0.933945    -1.131896     0.380100     0.452731    -1.059666
   -0.925588    -0.384783    -1.270573    -1.053388    -0.994917    -1.199694    -0.393587     0.521339     0.106713    -0.631493     0.012412     1.422325
    2.529128     1.110738     1.727066    -0.189060     1.043799     1.160607     1.402457     0.835044     1.030477     1.043632     0.862449     1.207379
   -0.439000     1.254655     0.394965    -1.440912    -0.700379    -0.955141    -0.488370    -0.455936     0.111274    -0.849588     0.271942     1.292832
    0.239773    -0.862735    -1.205600     1.015691     0.921659     1.764691     1.810637     0.936639     0.491497    -0.011765    -0.245412    -0.438898
    1.560731    -0.065201    -0.042587     0.416936    -0.195704    -1.435939     2.269081     2.561261     2.341641    -1.493751    -1.010232    -0.866659
    0.749572     0.910140    -0.511503     1.495675     1.182640     0.341682     1.181309     1.436242     1.567506    -2.941288     0.248040     0.070084
    0.435622     1.125602     1.228627     0.693785    -1.489538    -0.912022     1.288452     1.569832     1.033934    -1.173672     0.611855     0.827840
   -2.078032    -1.777666    -0.563674    -2.095385    -1.770108    -0.764554    -1.068960    -0.766110    -1.149359     1.294016     0.835313    -0.476619
   -0.656495     0.289088     1.001636     0.025616    -1.289842    -0.988285    -1.061575    -1.708202    -1.038393    -1.599177    -1.956022    -0.848816
   -1.791227     0.147019    -0.288011     2.577226     1.679175     0.906087    -1.578695    -0.348034    -0.486193     1.415841     0.628872     1.251684
   -0.216755     0.664462     1.162757    -0.200621    -1.462284     0.291886     0.940600     1.489317     1.561954    -0.341482    -2.060085    -0.508959
    0.255474     0.324802    -1.172179     0.255255     0.580110     0.044701    -0.647182     0.640734    -0.212958    -0.014620    -0.038973    -0.216039
   -0.995605     0.246364     0.182381    -2.563172    -0.081684     0.313460    -0.597579    -0.965114    -0.762988     0.484037    -0.291060     1.136683
   -1.163575    -0.245236     1.415001    -2.633131    -0.951590    -1.272388    -0.625944    -0.429468     0.320999     0.186569     1.365878     1.418672
    1.497811     1.340694     1.488650    -0.992723     0.476056     1.072941    -0.278178    -0.697808     0.750539     0.489780     0.363675    -0.444366
    1.994920     1.036738    -0.057295     1.006301    -0.416228     0.099772    -0.358297    -2.168163    -0.092755    -0.552066     0.695914    -0.667710
    0.224502     0.267224    -0.259157    -0.697410     0.098494    -0.390308    -2.525287    -2.040407    -1.692509    -0.481837    -0.263779    -1.900156
    0.050854     0.623944     0.844483     0.366267     0.735999     0.095747     0.402690     0.749970    -0.217474     0.008450    -0.515597    -0.965062
   -0.688493    -0.930770    -2.588919    -0.483339    -0.360879    -0.339822     0.892864     0.810402     0.655207     0.817706     2.799455     1.850217
   -0.323001    -0.044146    -0.403313     0.048478     1.475221     0.780328     0.478087    -0.967317    -0.695146    -0.305985     0.350621     0.739462
   -1.206385     0.150570    -0.307403    -0.966924    -0.518037    -0.870416    -0.749976    -0.628084     0.367147     1.155035     0.522062     0.610294
   -0.694827     1.115841     1.011427    -0.490206    -0.032448    -0.984707     0.109921     0.553870    -0.218850    -1.068929    -0.668426    -1.102452
   -0.317658     0.428215    -0.668150     0.409968     0.292342    -0.412387     0.927141     0.946759     0.767547    -0.252120    -0.825773     0.014167
   -0.317912    -0.527805    -1.849907    -0.042699     0.513419     0.690253    -1.232644    -0.917784     0.406806    -0.446189    -1.338933    -2.030329
    0.155512     1.839137     1.129113     0.034113    -0.169848    -0.794999    -1.120716     0.472409     0.803881     0.915626     1.287825     0.197388
   -0.546849    -2.063441    -0.384115    -1.055097    -0.623680     0.301774    -0.459635    -0.355184    -0.273119    -1.012653    -1.066967    -0.341666
   -0.208470    -0.604483    -0.364799     0.971309     0.532218     1.835373     2.536977    -0.429594     0.773574    -0.282176    -0.623921    -0.986377
   -0.799806     0.910574     1.362330     0.204896     1.291571     0.221102    -1.000487    -2.384871    -0.383890     0.863877     1.167172     0.455886
    0.976607    -0.009545    -0.494158    -1.969630    -0.944048    -0.255798     0.570787     2.397543     2.798996     0.517093     1.606249     1.436621
    0.690503     0.147072     0.004124    -0.240124     1.326145    -0.369223    -0.209623    -0.521679    -0.344585    -0.168535    -0.588663     0.823758
   -0.096504     0.167650    -0.630387     1.809567     0.464089     0.466907     0.796585    -0.281081     0.775855    -0.735972     1.466582     0.111081
    0.566355    -0.185791     0.033522    -0.567747     1.134940     0.520319     0.774832     1.049092    -0.571350    -0.003619    -1.421982     0.662012
    0.477029     1.014380     1.100775    -0.835572    -0.713762     0.240207     0.731830    -0.462694     0.118682     0.075750     1.339242     1.919070
   -0.944050    -0.361613    -0.929589    -2.749644    -1.374301    -0.352428     1.342157     1.825314     2.123914    -0.871942    -1.195803    -0.980478
   -0.873976    -0.902068    -0.049072     0.692941     0.821787    -0.318465    -0.619512    -0.394803    -0.759405     0.571198    -0.658113     0.556370
   -2.306736    -1.122041    -0.100952     1.814579     0.052276     0.044998    -0.095628     0.313831    -0.013250    -0.675735     0.021174    -0.083014
    1.192435     2.619841     0.159792     0.578922     1.045224     2.050942     0.054712    -1.115302     0.244035    -0.028698    -0.985194    -0.110166
   -1.253658    -1.150300    -0.894417     0.997620     0.461130     1.016084     0.874636     0.970072     1.454275     0.115016    -0.472475    -0.698404
    0.856668    -0.665376    -0.441218     0.475536     0.992349     0.967308     0.410593     0.186822     0.506020     2.725665     1.053722     0.633331
   -0.674977    -0.689884    -0.993754     0.667438    -0.673457    -1.373386    -0.279276    -1.458480    -1.633288     1.042037    -0.106618     0.375721
   -0.410423    -1.280380    -1.605363     1.147704     1.546274     0.049664     0.666424     0.304261     0.475330     1.386767     0.859273     0.884487
    0.456593    -0.482599     0.299769     0.317557     0.298729    -0.517516     2.018878     1.079268     1.550121    -2.723669    -2.719094    -2.849717
    0.528465     0.788347     0.622724    -0.024887     1.053025     1.375008     0.741685     0.848671     1.054976     1.376102    -0.076670     2.618289
   -1.176485    -0.087029    -1.525936    -0.528187    -0.915028    -0.480466    -1.336660     0.918378     0.806546     0.741850     0.858935     0.875159
   -2.444620    -1.263488     0.542433     1.692755     0.366804     3.112611     0.045357    -0.113731    -0.100740    -0.655384     1.132803     0.763315
    0.105731     0.009096    -0.374003    -0.630919    -2.152558    -2.216449     0.438837     0.205879    -0.172294    -0.098067     0.138564     0.730865
    1.235494     0.597195     1.242579     1.751657     1.682493     0.918363     0.413788     1.818791    -0.612458    -0.686215     0.011193    -0.670345
   -0.602482    -0.448991     0.893579     1.519721    -1.413481    -0.049605     0.578447     0.340167    -0.629626     0.287879     1.247841     1.043275
   -0.989369    -2.134172    -1.113387     0.266582    -0.434453    -0.701434    -0.289002    -0.344298     0.038562    -0.077207    -0.901128    -0.125097
    0.528408     0.314357    -0.060375     0.342729     0.487844     1.347535     0.345675    -0.322067     1.016709     0.122329     0.431621    -0.175396
   -1.052157    -1.302874     0.230451    -1.427742    -0.126663    -1.792815    -1.450244    -1.269550    -0.366207    -0.186300    -0.294187    -0.009616
    0.264023     0.074332    -0.447879    -0.286521    -0.919337    -1.178665     0.184950     1.218348     0.284796    -1.847494    -1.221420     0.237078
   -1.042407     0.552128     0.192691     0.287010    -0.693179     0.045542    -0.925063    -1.797105    -0.927928     1.465020     1.653866    -0.272092
    1.030787     2.070431     1.719701     0.767964     0.335660     0.871473    -0.540911    -0.079257     0.885394    -0.496624    -0.508500    -1.445064
   -0.317382    -0.381478     0.119219     0.852960     1.630513     1.312619     0.000470     0.724408     2.074263    -0.322046     0.468376    -0.029200
    0.564277     0.266229     0.761829    -0.685141    -0.378588    -0.485789     0.430209     2.426596     0.657808     1.833464     0.510869    -0.185452
   -0.051335     0.606950     0.340678    -0.400335     0.229655    -0.217102     0.170945    -0.030611     0.113393    -0.046844    -0.853094     0.163953
   -1.284374     1.549230    -0.567268    -1.482560    -0.280962    -0.642329     0.105650    -1.213952    -1.321095     1.325596     2.081882     1.761983
   -0.246007    -0.392427    -1.930840    -0.121773     0.601350    -0.608532     0.432074     0.027180    -0.239161    -1.388934     0.260383    -1.279578
    0.654434     1.304106     0.117601     0.855487    -0.495548     0.777342     0.497726     0.297838    -0.117979    -0.433474     0.207453    -0.088921
    1.612861     0.789824    -0.449503     0.741238     0.017089    -0.783293    -1.042235    -1.669480    -0.708686    -2.356477    -0.542291    -0.450896
    1.429210     0.512169     0.632294     1.052873     0.006792    -0.576659    -0.017305     0.846050     0.380609     2.123752     0.445969     0.909888
   -0.433983    -3.690592    -1.097467    -1.173831    -0.960362    -0.469920    -0.397292    -0.304538    -0.994681     0.363025     0.042764    -0.357173
   -1.094862    -0.414923    -1.098952     0.935290     0.119542     0.462969    -0.149362     0.260504     0.805352     0.345115    -0.678569     0.915712
    0.971601     0.487277     1.345010    -1.124497    -0.817015    -0.169763     1.399783    -0.024532     2.026917    -0.613888    -0.005173     2.380349
    1.141166     1.875480     2.349451     0.535139    -0.580633    -1.536260    -1.186988    -0.682095     0.553547     0.312308     0.808347     0.119878
   -0.688306    -1.716236    -1.130841    -1.175687    -2.410748    -0.728949     0.652726     1.977721     0.133811    -0.862475     0.218070    -0.814909
    0.996114     0.123107     0.116817    -0.300515    -0.443170    -1.133796    -0.576439    -1.012571     0.104626    -0.154621     0.403041    -0.578552
   -1.139266     0.309840     1.626390     0.331365    -1.489817     0.082873     0.848550     0.510508     1.002321     0.553015     0.972237     2.514442
    1.091298     2.073966     1.704504     1.059855    -0.130821     1.474352     0.972109    -0.523834     0.319547     0.364625     0.133602     1.243526
    1.764235     0.089266    -0.358647    -0.499017     0.379345    -0.291005    -1.488977    -0.880556     0.611472    -0.049294     0.999173    -0.047343
   -1.102811    -0.058910    -1.081883    -0.381997    -0.628504    -0.453560     0.139757    -0.232498    -0.450518     0.369908    -0.867847    -0.879993
    1.480019     0.231334    -0.243266     0.100229    -0.056046     0.517790     2.030807     0.415107     0.728045    -0.790283    -0.922243    -0.933781
   -0.140618     0.180848     0.792080     0.592847     0.577296     1.749816     0.689558     0.838696     0.824869    -0.390085    -0.416386    -1.317001
   -0.081511    -1.337847    -0.383307    -0.501386    -1.384605     0.080454    -0.446348     0.633422    -0.232758     0.870512     0.232740     1.387113
    1.454373     1.874243     1.771792    -0.469843    -0.466574    -1.096588     0.755653     0.232104     1.551012     2.059797     0.244052    -0.359532
   -1.552094    -1.276732     0.078503    -0.922794    -0.375640    -1.863237    -0.049151    -0.119361    -1.086213     0.483486    -0.671984    -0.509357
    1.699737     0.363270     0.307607     0.303804     2.047599     0.637672     0.865991    -0.144710    -1.183446     0.287922     0.112165     0.718062
   -0.941574    -1.283734    -0.617220     0.692903     1.697859     0.963041    -1.017168     0.075266     0.009355    -2.449865    -0.279221    -0.030161
   -0.489503    -0.526206    -0.528164     1.352528     1.842674     1.893082    -0.363187     0.928449    -0.156492     0.978589    -0.213344    -0.992596
   -0.859891    -0.974924    -1.183517    -0.105050     1.178938    -0.399857     1.520137    -0.057221     0.515158     2.317869     1.057937     1.100375
   -0.173047    -0.796540    -1.298759    -1.268815    -1.596850    -1.106764     0.996474     1.189778     0.842852    -0.499395    -0.909066    -0.308478
    1.394726     1.580450     2.319452    -1.245842    -0.820543    -1.660589     1.475863     0.242514     1.776756    -0.465280    -1.234174    -1.820158
   -0.697473    -0.763213    -0.773721     0.123697     1.384373    -0.829720    -0.566302    -0.706772    -0.556706    -0.176933     2.305159    -0.324011
   -1.028125    -0.347777    -1.181778    -0.107717     0.394486     1.839491     1.489280     0.279321     2.375457     0.168141     1.276639     0.834857
    1.112599    -0.687667    -0.641496    -0.676956    -0.925219     0.911821     0.582244     1.359297     0.574621    -1.938144    -1.685271    -0.006884
    0.052474    -0.803590     0.077298    -2.363761    -1.245229    -0.845401     0.311289     0.066307     1.483634    -0.992446    -0.756002    -1.803838
   -1.206374     0.687145    -0.152820     0.715803     0.015066     2.483305     0.876679     0.006312    -0.214601    -0.162276     0.432009    -0.985651
    1.705989     0.719007     0.083418    -0.691772    -0.925015    -1.106213     1.098406     0.951036     0.617238     1.016187     1.360548     0.384185
    1.115879     1.556576    -0.556790    -0.626164    -0.243501     0.761276    -0.039442     0.667496    -0.157705    -0.591563    -0.225991    -0.498296
   -0.644141    -2.686861    -0.985484    -0.049683     0.039251     0.412458     1.536780     1.331261     0.609715     0.224352     1.035065    -0.981484
   -1.839534     0.084159    -1.695596     0.334932     1.650792     0.287130    -1.383748    -0.093270     0.175153     0.909861     0.197629     0.472997
   -0.144956    -0.017254    -0.710737    -0.969469     1.553589     1.057977     0.155122     0.935620     0.496810     0.165788    -1.883090    -1.233939
   -0.995894    -1.067429    -0.324081     0.149052     0.348096    -0.835338    -2.325286     0.003281    -1.002323     2.261761     0.265203     1.430699
   -1.337368    -0.901969    -0.839238    -0.149490     0.451539     1.138271    -1.422657    -0.806687    -0.173758    -1.884717    -1.931199    -1.434024
    1.358738    -0.697584    -0.927898     1.112628     0.798457     0.268233     0.379938    -0.667775     0.835412    -1.472555    -0.659204    -2.038682
    0.143293     0.382253     0.334022    -0.356190     0.282661    -1.461607     0.533462     0.831631     1.031481     0.845772    -0.944378    -1.203561
    0.012036    -0.386479    -0.058882     1.609271     0.984936     0.155054    -1.489575    -0.252072    -1.709783    -0.152966    -0.150011     0.297234
   -0.541328    -0.251668     0.420402     0.128215    -0.069123     0.377750    -0.860986     0.044970    -0.597292     0.341523    -0.352144     0.479391
   -0.092145    -1.502292     0.141375     1.881046    -0.037274    -0.696942     2.125082     0.923414    -0.275464     0.434206    -0.291050     0.790992
   -0.736843    -1.706286    -0.667551    -0.422940     1.728776     0.650637     1.282979     1.964131     1.592154    -0.091594    -0.313212     0.225786
    0.329845    -0.243364    -0.008540    -0.734841    -0.213521    -0.674569     1.146864     0.491433    -0.392405    -0.570631    -0.143573     2.103012
   -1.605042     0.478935     0.070403    -0.224604    -1.458468    -0.156261    -0.164608     0.756829     0.678437    -0.330603    -0.515352    -0.531337
    0.368800     0.312081     0.962098    -0.109846    -0.376010    -0.638185    -1.977762    -0.429528    -1.559236    -0.697529     0.121104     0.153802
    0.892364     1.795684     1.008756    -0.149789    -0.755408    -1.686703    -0.242087     0.386534    -0.727084     1.159461    -0.025420     1.537965
   -0.862801     1.288721    -1.235059    -1.081512    -0.959763    -1.100581    -1.499458    -1.741181    -2.759432     0.239118    -0.519932    -0.396439
   -0.154885     1.697035     1.281807    -1.520658    -0.355827    -1.200247    -0.444854     0.931543     0.232153     0.297976    -0.317178     0.410638
   -0.332950    -0.668507     0.464171    -0.287894    -0.349294    -0.087536     0.129198     0.293777     0.068903     0.266253    -1.532585    -0.284715
   -1.038626    -0.983510     1.825176     0.810836    -0.920436    -0.676484    -1.043726    -0.221831    -0.250741    -0.099717    -0.553433    -0.287265
    0.016219     0.967215    -0.649126    -0.492569     0.629435     0.586979     0.111890     0.115725     0.165766     1.411996     0.073218     2.583293
    0.060828    -0.980581    -0.882976     1.550630     0.376966     1.040461    -0.550947    -0.128317     0.579258     1.937347    -1.382744     0.207796
   -0.295707    -0.558017    -0.608168    -0.670389     0.387186    -0.234229    -0.237295     0.557012    -0.874249    -0.238962     0.019166     0.268824
    0.001742    -0.944041    -1.242569    -0.983744    -0.431477    -0.343035    -1.020038     0.463201     0.721980    -1.090454    -1.052298     0.440299
    0.416121    -0.539806    -1.260534    -0.993099    -0.418322    -1.222511    -0.237885    -1.133642    -0.279479    -1.195885     0.738886     0.409103
   -1.652109    -1.521832    -0.299912    -1.910676    -2.948688    -1.293068     0.460860     0.424902     0.388543    -0.111168    -0.075368    -0.706212
   -0.279159    -0.184907    -0.546820    -0.014607    -0.938360    -0.208212    -0.899726    -1.622895    -0.696747    -1.411337    -1.647699    -0.416627
   -0.742433    -1.009721     0.903018     0.176808     0.199476    -0.593865    -1.658360    -0.736361    -1.142860     0.752154     2.033903    -0.581225
   -0.513751     0.152316    -0.669893     0.610299     0.049411     0.030727    -0.106850     1.122790     1.767874     1.276310    -0.521091    -0.273635
   -0.142997    -0.455467     0.187692    -0.427342    -0.925465    -0.086552     0.731781     0.268058    -0.654589     1.237036    -0.117715     1.477104
   -0.788024     0.329126     1.010098     0.346789     0.456393     0.191357     0.532631     1.235446     0.293657    -0.758341    -0.686530    -0.983015
   -0.743409     0.145751     0.528332     1.840784     0.590617     1.712237     0.319293    -0.295629    -0.833039    -2.262879     0.027152    -0.317852
   -1.935909    -1.117758    -0.014534    -0.116088     1.096466     0.770922     0.655767    -0.465045     1.341929     0.111196     0.795295     2.259807
    1.260083     0.106107     0.818492    -0.772074    -1.308006     0.579908     1.778758    -0.605268     1.638118     0.969791     0.366244     1.217487
    0.927550     0.901235     1.425229     2.146488     0.592440     0.860985     0.789975     0.525239    -0.192674    -0.705310    -0.380952    -0.632489
   -1.611994     0.666386    -0.420086    -0.271893    -1.928968    -1.369327    -0.412698    -0.484729    -1.031152     0.181765     0.806090     2.211385
    0.871891     0.453923     2.006834     0.065640    -1.372358    -0.547221     1.024999     0.420440     0.925521    -0.972222    -0.876344     1.406520
    0.160815    -0.642235    -0.136339    -0.444953    -0.580179    -1.078170     1.622629     1.326927     2.939740    -0.809925    -1.025227    -0.109925
    0.579668     0.505003     0.551703    -0.503261    -0.858846    -0.364416    -0.260890    -2.464658    -1.152466    -0.290277    -0.573063     0.127375
    0.041079     0.607999    -0.595149     1.009677    -0.600926    -0.494662    -1.346042    -0.851036     0.233379    -1.307818    -1.924186     0.065658
    0.204215    -0.690277    -1.381880     1.047272     0.884392    -0.091369     0.899153     1.270337     0.973530     0.257013     1.077161     0.092289
   -1.650025    -0.191604    -0.963674    -0.270712     0.855788     0.132000    -1.174813     0.157320    -0.834311     0.159126     2.102439     2.272073
    0.017460     0.077565     0.511439     1.424800     0.917873     0.498524    -1.303172    -0.587447     0.741352    -0.883008    -1.822733     1.156981
   -0.058616    -0.869143    -0.346338    -0.887411     0.212536    -0.315495    -0.123978    -0.052134     1.656179    -1.680621    -0.719045    -0.985928
    0.213915    -0.963028    -0.138601     1.209783     1.097402     1.367534    -0.434796    -1.213270    -2.138551    -1.809200    -0.209922    -0.719410
   -0.217532    -0.433856    -1.290221     0.431575     1.237021    -0.191293     0.457089    -0.949887    -0.231869     0.742890     0.864407     1.680018
    1.244534     1.358075     2.118624     1.519859    -0.667175     0.657065    -1.035460    -1.511622    -0.499594    -0.301351     1.818657     1.229252
    2.200712     1.840082     2.352179    -3.214602    -1.527410    -0.197236    -1.999525    -1.702200    -2.268338    -1.383255    -1.553742     0.558472
    0.515702    -1.520762    -1.161432    -1.906944    -1.340071    -1.540312    -0.053334     0.057732    -1.186483    -0.081892    -0.172863     0.086076
   -0.835395     0.287844    -0.301219     0.314089     1.452481     0.303815     0.517413     0.476119     0.721739     0.473773    -0.494717     0.204557
   -1.627028    -1.373581    -0.947037     0.682551     0.635741    -0.107214    -0.687847    -0.455929    -0.340182     0.029502     0.915303     0.367991
    0.893754    -0.014596    -0.725141    -0.582150    -0.525022    -1.194934     0.610331    -0.495304     0.335429     0.324822     2.338043     2.115723
    1.295607     1.384891     0.677815    -0.085416     0.139767    -1.380876    -1.314982     0.833837    -0.166346     2.323814     1.517071    -0.314178
    0.800192     0.875425     0.837268    -0.088393     0.452358     0.208609    -0.510680    -2.237926    -2.548107     0.860031     0.452161     0.207975
   -0.252973    -1.456310    -0.852981    -0.687188    -2.257212    -1.483453     0.855014     0.769039    -0.765128     0.232252    -0.202805    -0.337106
    2.407983     2.015808     2.214068     1.214989    -0.019509     0.981286    -0.315156    -0.695739     0.787482     0.497346     1.473603    -0.603496
    0.348243    -1.057226    -0.459993    -1.331160    -0.676097    -1.528437    -2.178754    -1.077101    -0.458744    -1.199727     0.072186    -0.911462
   -0.576962    -0.587563    -1.061709     0.771295     1.792312     1.349932    -0.937792    -0.084558    -0.000266    -0.500239     0.336249    -0.528142
   -0.233345    -0.450190    -0.491342     0.428327     0.959514    -0.945809    -1.297187    -1.094827    -0.219104     0.303468    -1.676362    -0.139937
   -0.583177    -0.470409    -0.392009    -0.089189    -1.092723     0.872318     1.778313     1.132341     0.150620    -1.236099    -0.243340    -0.716405
   -0.056127     0.400364     0.372058     0.454715    -1.972321    -1.632799     0.946643     0.925441     0.937748     1.429156     0.476282     0.467471
    0.050600    -0.299975    -1.434649     0.206841     0.342535    -0.647017     1.015954    -0.082849    -1.117594     0.666198     1.084234     1.465082
    0.711182    -0.042191     1.133794     0.267839     1.280167     1.092140    -0.237650    -0.096027    -0.289272     0.083964     0.189153    -0.222169
    0.934745     0.768069     0.193993     0.689793     1.690529     0.533618    -0.640296     0.042387    -0.299287    -0.487310    -0.072463    -0.432592
   -0.037747    -0.172193     0.668187     0.212397     2.441268     1.527344     0.240203     0.728964     0.760016    -0.815121    -0.935272    -1.371431
    0.086421     1.307182     0.016561    -0.061778     0.516844     1.041211     0.613856     0.529056     0.613404     1.263283     0.598961    -0.723787
   -0.438126    -1.776963    -0.478147     0.380305     0.949728     1.383783    -1.100265    -0.924022    -2.035272     1.180341    -0.617894    -0.859923
   -1.889571    -2.146890    -1.726706    -0.084986     0.374327     1.329487     1.430064    -1.404881     0.573635    -0.949405    -1.211726     0.394157
   -1.288237    -0.072829     0.521763     1.067399    -0.444663     1.317777    -0.970142    -1.196710    -2.199729    -0.620596    -1.346898    -0.715968
    0.415962     0.661346     0.029835     0.192565     0.038729    -0.870432    -1.484566    -1.097699    -0.718668    -0.328994    -0.677169    -1.047989
   -0.169894     2.402078    -0.018062    -0.372137     0.530199    -1.033660     0.825387     0.451297     1.164329     0.784260     0.149715     0.980308
    1.897978     0.670354    -0.337501    -0.653836     0.997925     2.049073     0.369410     1.464897     1.127701    -0.034972     0.234581     0.142998
    2.118677     1.652727     0.830389    -0.973803    -0.007971    -1.991053     0.332052     0.241554    -0.124857    -0.651387    -0.142835    -0.502301
   -2.230766    -1.419891    -0.928466    -0.042394     1.860745     0.561875     0.015352    -0.933020     0.309477    -0.331955    -1.587482    -0.623621
   -1.078868     0.462057    -0.879077    -1.156190    -0.989373    -1.099178     0.011458    -0.769576    -0.431472    -0.997722    -0.208196    -1.787463
   -1.095794    -0.313822    -1.187430     0.931504    -0.103477     1.005633     1.158744     1.510412     1.169077     0.154785     0.308416     0.787792
    1.592800     0.946723     1.535465     0.648898    -1.267797     0.172320     0.934355     0.893241     0.028057     0.479229    -1.565125     0.278329
    1.933101     0.649347     0.789371    -0.011208     0.275409    -1.182431     0.586098     1.095891    -0.150594    -1.875492    -1.587319    -0.057448
   -0.289744    -0.220913     0.408352     0.997929     1.057917     1.509186     0.477991    -0.366552    -0.648124    -0.444033    -1.726939    -0.436243
   -0.096704    -1.278675     0.034955    -1.117791    -1.196821    -0.223931    -0.282443     0.869495     0.535749     0.081737    -0.163300     0.073184
    1.840188     0.170834     1.893950     0.792465    -0.560862    -0.256735    -0.632592    -1.271216    -0.295890     0.153507     0.685256     0.963089
    0.601217     1.596463     0.793103     1.030523     0.728564    -0.272378     0.385375    -0.510823    -0.325866     1.639891     1.270955     0.006436
   -1.842957    -1.573253    -1.778070     0.258762     1.706901     0.292429     1.494886     2.827687     1.342440    -1.672381    -0.557167     0.502216
   -1.117918    -1.190557    -0.640821    -1.509134     1.163888    -1.164392     0.038666     0.897630     0.163843    -0.889101    -2.383417    -0.685213
   -2.064195    -0.021649     0.422706    -0.605451    -1.939424    -0.789038     0.030618    -0.717656    -0.316909    -0.996074    -1.603186    -0.896943
   -0.114403    -0.432572     0.882011    -0.621091    -0.155889    -1.290231    -1.288241    -2.504746    -1.226289     0.697367    -0.464739    -1.056326
   -0.831346    -1.996419    -1.416804    -1.097117    -0.892415    -0.694126     3.446497     1.263535     0.662732     0.404873     0.526760    -0.778234
   -1.451260    -0.843395    -2.002930     0.828195     0.851362    -0.246530    -0.566785    -0.137834    -1.323033     2.071203     1.167399     0.326033
    1.336963     0.141530     1.139379    -1.294737    -1.023285    -0.015526    -1.606434    -0.153028     0.460123    -0.420362     0.707519     0.508100
    0.182144    -0.320534    -0.606788     1.031670     0.415874    -0.269593     1.268747     1.796200     0.526208     1.190498     0.896972    -1.191119
   -0.122639     1.347552     1.022378     0.487411     0.470421     0.422720    -0.187106     1.105427     1.440316     0.302172     0.998218     0.000386
    0.460408    -0.740773     0.394173    -0.012520     1.449968     0.843690     0.148607     0.284506    -0.871012     1.516061     0.596341     0.142976
    0.231200    -0.075971    -0.218456     0.616398     1.553990    -0.068332     1.243464     2.371386     1.096915    -1.391851    -0.288634    -2.049273
   -1.315478    -1.678855    -1.597574     0.526036     1.157613    -0.545567    -1.282246    -0.536843    -1.487663    -2.012312    -1.489630    -0.182321
    0.982913    -0.383747    -0.946066     1.970732     0.856976     0.047999     2.796640     0.816075     1.983900     1.122010    -0.698267    -0.269945
    0.035652    -0.953473    -0.719880    -0.547826    -0.094499     1.148089     1.462899     0.715911     1.822873    -0.444558    -1.804054    -0.381249
   -0.265706    -0.598639    -1.462109    -0.341792    -0.409549     0.501145    -0.000850    -0.122996    -0.870359    -1.903023     0.394208     0.289041
    0.095413    -0.066470     1.271936    -0.191833    -0.953754    -1.025194    -1.930080    -0.533418     0.022256     2.081771     0.638692    -0.568685
   -0.809941    -0.924931    -1.357041    -0.314747     0.135360     0.801739    -0.611958     0.472879    -0.024540     0.572804    -0.172252    -0.613544
   -0.417892     0.712221    -0.139609    -0.358650    -0.557094     0.294590     0.199591     0.891238     0.876581     0.857473    -0.391689     1.998355
   -0.971004    -0.903175    -0.482696     0.705399    -0.310381     1.247153     1.701767     0.340377     0.989084     1.066575     1.308710     1.605130
    0.430075     0.010103    -0.987713     1.140472     0.952205    -0.104513     2.288489     2.378782     1.043192     1.275367     0.176126    -1.722486
   -0.712715    -0.997639    -0.230260     0.727620     0.728121    -0.575726    -0.905904    -0.759034    -0.119791    -1.086122    -0.574440    -0.450932
    1.072749    -0.178495     1.371753     0.906551     1.039421     0.314374    -0.750024    -1.128224    -0.547776    -0.956174     0.687341    -0.830035
   -0.493317    -0.966373    -0.190895     0.982912     0.904745     0.915355     0.255910    -0.056075     0.536535     0.568019    -1.208097     0.803690
   -0.681228     0.992663     1.198057     0.052595     0.350972    -0.102275    -0.506336    -0.249506    -0.024557     1.270821     2.183328     1.347761
   -1.066041    -0.463183    -0.789653     0.877593     0.159463     0.934000    -0.505904    -0.902392    -0.336085     1.414554     0.487695     1.440957
   -1.123697    -0.509235    -1.915808    -1.729506    -1.040032    -1.272429    -2.048410    -0.288553    -0.415400     0.670369    -0.040256    -0.272291
    1.097967     0.821550     1.518773    -0.539516    -0.230628    -0.468539     1.626725     0.506603     0.353226    -0.115095     0.453507     0.591380
    0.217547    -0.510543     0.462484    -0.204084    -0.676099    -1.254914     0.348125     0.770926     1.520063    -0.592580    -0.920465     0.029747
    1.867403     2.373719     0.378133     1.365128     0.343344     0.299952     1.032391    -0.890238    -0.491750     0.129621    -0.222151    -0.710965
    0.419592     0.447693     0.668650    -0.145566    -0.620536     0.626180    -0.560839    -0.353588    -0.237419    -1.524760    -2.196863     0.054221
   -1.384739    -0.258051    -1.060130     1.244375     0.291415    -1.353378     0.153717     0.305828     0.717881     0.472844    -0.317368    -0.146358
    0.852366     0.380753     0.532665     0.564902    -0.075900    -1.966750     0.057350    -0.288821    -0.640488     0.162129     0.772247    -0.684270
    0.064691     0.557370     0.693762     0.136796    -0.265136     1.498417    -0.498015    -0.623806    -0.056177     0.703003     0.960303    -0.189998
   -0.052024     0.081370     0.789779     1.545970     1.719817    -0.231423     0.315401    -1.241505    -1.154879     0.426824     0.510008     0.362995
    0.692395     1.206195     0.377158     0.736980     0.552157     1.862987     0.278780    -0.900730     0.275581    -1.931692    -1.386958    -1.648570
    0.698352     1.948213    -1.250119    -0.113585    -0.176153     1.144899     0.923579    -0.209965     0.519810    -2.859211    -2.706704    -2.111710
   -0.180457     0.076012     0.294285     1.900703     0.897042     1.279187     0.058447    -0.015051     0.490049     1.284154     1.044983     0.200343
    0.032201    -1.068802    -0.034373    -0.894014    -1.369411     0.506152     0.184789     0.228718     1.051370    -0.327780    -0.346713     0.209649
    0.281257    -0.726535    -0.198071     1.533717     0.052761    -0.395177     1.219478     1.204572     1.545347     0.857314    -0.633681     0.495520
    0.385027    -0.200832    -1.263261     0.597767     1.504457     1.464683    -0.396579    -0.440028    -0.001094    -0.850576    -2.158575    -0.998894
    0.455898     0.347223     0.226686    -0.003539     0.350430    -0.342192     0.566686    -2.171571    -0.729212     1.244901     0.492888     0.986330
   -0.028398     0.753997     1.415838     1.198950     1.590321     1.860446    -0.052363    -0.074735    -0.336666    -1.903835     0.160350     0.481634
    0.311149    -1.314046    -2.016693    -0.525323     1.182087     1.867207     0.061128    -0.356504    -0.323116     0.629820     2.022763     0.001307
   -0.522948     0.064476     0.646335    -0.472959    -1.616754    -1.200671    -0.725272    -0.170593     0.242004    -0.132376     0.813242     1.375483
    0.424187     0.129011    -0.965188    -0.170789    -0.295862     0.116790    -0.576127     0.767307     0.000170    -0.737113    -0.285290     1.270003
    0.618994     0.101331     1.448467    -0.112196    -1.785846    -0.673655    -0.733029    -1.836046    -1.019750    -0.528660    -0.159908     0.484579
   -0.463747    -0.627187     0.202085     1.745993     1.778178    -0.294875     0.209003    -0.545676     0.223227    -1.184037    -2.135484    -1.702772
    0.733682     0.651518     2.056519    -0.083279    -0.035790     0.420283    -1.601804    -0.091201    -0.334978     0.332709    -0.326665    -1.244476
   -0.692138    -0.994506    -1.233594    -0.100485     0.744364     1.356483    -0.251007    -0.473031     0.676004     0.516539    -0.001415    -0.092424
   -0.161920     0.597185    -0.821200    -0.246361     0.796832     1.131424     0.405059     0.919603    -1.483133     0.217750     0.035780     0.928252
   -0.550965    -0.098533    -0.254877    -0.150895     1.227242     0.180517    -0.727306    -0.598595     0.728489    -0.855874    -2.189311    -0.493727
   -1.915725    -2.436479    -0.752711     1.400695     1.814801     1.399748    -1.495402    -0.350592     0.137536    -0.279325    -1.454754    -0.690197
    1.409956     1.095378     0.964108     0.074641    -0.344159     0.065814    -0.619648     1.537000     0.833553    -0.481519     0.651876     0.441881
   -1.535481    -0.616855    -1.732045     1.659534     0.938049     0.637642    -0.109381    -1.766807    -1.121922     0.997694     1.058228    -0.106471
   -0.858904    -0.053135     0.655848     1.613831     0.537694     0.861985     1.384870     0.025745     0.817313     0.510566     0.831428     0.789540
    0.663657     2.795200     1.444004     2.342492     0.769371     0.679909     0.493481     0.560703     0.291794    -0.914669    -0.923466     0.143673
   -1.280676     0.092071     0.472363     0.131879    -0.134028     2.673818    -1.168507    -2.139851    -1.721412     1.163812     0.410446     0.934407
   -0.484407     0.816187     0.186831    -1.290066    -1.079380    -2.500254    -1.873049    -0.732754    -0.160840    -0.167680     0.061536     0.450041
    0.949194     0.248032     0.258197     0.948570     1.399231     2.578584     0.785380     2.037628     1.521697    -1.078816     0.616659    -0.093906
    0.144598     0.500878     0.461520     0.287420    -0.173125    -0.003635    -0.892197    -1.249950    -0.873135     0.677106    -0.442068     0.170456
    0.578029     0.328446     0.341511    -0.049815    -0.150464     0.244519     0.318926     0.743356     1.296182     0.029462    -0.449070    -0.864756
   -0.193484    -1.609671    -1.345642    -0.536697    -0.336312     0.075054     0.151854     0.454473    -1.582148    -1.460004     0.214109     0.930138
    0.802872     0.703992    -1.454435     1.165515     1.007703     3.208799    -0.242627     0.548244    -0.228339     0.131582     0.000873    -0.331513
    0.175101     0.626917    -0.935118    -1.113137    -1.764999    -1.034087     1.429751     2.101204     2.143265     0.141494    -0.162551     0.147121
   -0.726012    -0.059229    -0.866911    -0.676596    -0.308304    -1.779304    -0.184522    -1.988608    -0.647094     0.579491     1.580922     0.392916
    0.330264     1.006847     0.691775    -0.520867    -0.253018    -0.017395     0.500689    -1.037315     0.326656     0.501353     2.229896     1.627135
   -0.567016    -0.860283    -0.115295     0.477605     0.399434    -0.030736    -2.570922    -2.883823    -2.762355     1.002991     0.867856     0.418449
   -0.333702    -0.073361     0.374619    -0.009984    -0.797096     0.588192    -0.065333     0.520611    -1.065255     0.508353     0.220627     0.586612
   -0.416767    -0.358228    -0.473426    -0.357618    -0.496527     0.456475     0.756403     1.348151     1.676444     0.313999     0.519446     1.024345
   -0.060198    -0.420964     0.037524     0.614126     0.768749     0.905273     1.747046     0.071715     0.109783     0.943089     1.097755     0.454339
    0.816890     1.631372     1.027523    -0.011973     0.072408    -0.780185    -0.134189     0.098341    -0.286703     0.499538     1.552841    -0.062486
   -0.227677    -0.410710    -0.330839     0.567253    -0.416064     0.846391    -0.810064    -0.072325     0.306919    -0.892914     0.044527     0.284557
   -0.517515    -0.766919    -0.256131    -0.162291     0.260714    -0.746395     1.220822     1.256629     1.271223    -0.061169     0.411966    -0.067302
    0.067166    -0.318425    -0.621139    -0.753990    -0.127429    -1.005160     0.687529    -0.914869    -1.225687     0.030670     0.034580     0.649844
    1.737964     2.496628    -0.339651    -0.121008    -0.760076    -0.712373     0.108915     0.229454    -0.553240    -1.190350    -0.416335    -1.057468
   -0.392428    -0.468226    -1.966980    -0.474454    -0.596946    -0.449381    -0.893834    -0.573453    -0.472409     2.670297     2.544111     2.900587
    0.728678    -0.318615    -0.611059    -0.909401     0.659321    -1.660657     0.620182     0.202231    -0.397950    -0.173743     0.220965     1.452534
   -0.147072    -2.086452    -0.966123     1.128099    -0.406554    -0.335384    -0.582754    -0.533406    -1.818693    -1.562911    -2.251917    -1.304701
    1.967275     2.587121     1.270298     0.308128    -0.126813     1.530700    -0.344260     0.589619     0.561149     0.015256    -0.023952    -0.403065
   -0.440993     0.284856     1.264488    -0.487821    -0.460509    -0.035635    -0.589080    -0.434134     0.105916     0.593137     0.476871     0.259627
    0.352477    -0.571876     0.832703     0.802608    -0.113443    -0.002882     0.246291     0.286134    -0.459001     1.141692     2.351842     0.636060
    0.927082     1.371982     1.332229     0.489887     1.065200     1.510477     2.132456    -0.435330     1.032510     0.543779     0.186438    -0.140519
   -0.086469    -1.800459    -1.222654     0.628455     1.940033     0.318523    -1.733896     0.135005    -0.799837    -0.566979     0.472087     0.982943
   -0.488761    -1.777457     1.498790     0.056254    -0.272203     0.019193     0.233438    -0.529838    -0.774125    -2.072367    -0.571188    -0.519069
    0.852809     0.559584    -0.190506    -0.455940    -0.608106    -0.425680    -0.770078    -1.128346     0.046661     0.177103    -0.871064     0.885342
    0.105128    -0.084801    -1.732903    -0.463401     0.215060     0.332086     0.464348     0.159164    -0.538623    -0.499752     0.350777    -1.439354
   -0.553152    -0.177016    -1.406015     0.109799     0.064365    -1.645804     1.913412    -0.552395     1.005017     1.505114     2.579338     2.971878
   -1.116935     0.490499    -0.549476     1.578352    -0.385703    -1.007170     0.962256     1.806316    -0.244126     0.504328     0.186530     1.145844
   -1.141934    -0.531674    -0.594161     0.154397     0.975289     0.487309    -2.097386     0.051202    -0.784790    -0.565626    -0.900493    -0.772928
    1.916498     1.050820     0.173772     0.040333    -0.903402    -1.917733    -0.474126    -1.538153     1.109840     0.164681    -1.506399    -1.504623
    0.925752    -1.083718     0.892437    -2.294817     0.844188    -0.628440     0.467967     0.097474    -0.698594     0.614970    -0.075305    -0.242908
   -0.517626    -0.518398    -0.385222    -0.298234    -1.036107    -1.027971    -0.215457     0.249871     1.188898     0.995034     1.010549     1.097793
    0.973297    -0.657764    -1.044098     0.585220     0.187080    -0.735317     0.428053    -0.559383    -0.435179    -1.108422     0.177563    -0.477549
   -0.080740     0.550539    -0.687813    -0.919088     1.544318    -0.231179    -0.265347    -1.019019    -0.959456    -1.453905     0.605167     0.201354
   -1.561879    -2.534926    -0.896498    -0.395498     0.487651     0.855018    -0.405517     1.378609    -0.031930    -1.137907    -0.219609    -1.520864
   -0.680433    -0.000332     1.051708     0.400598    -0.146510    -0.137359    -0.569674     0.974294     0.756369     1.864430     1.059564     0.706276
   -0.390317    -0.578959    -1.433269     0.817140     0.501097     1.293902     0.658870     0.749846     0.279521    -1.577931    -0.207881    -1.072070
    0.604763     1.621085     0.493870    -0.527126    -0.432401     1.180785     0.048000     1.299303    -0.380920     0.382756    -0.578977    -0.990008
   -0.467526     2.072704     0.681857     0.132609    -0.330128     1.165535    -0.311116    -1.049803    -0.687578    -2.187520    -1.037242    -1.312877
   -1.964808    -1.629777    -0.543758     1.413055     1.108743     0.577405     0.006870     0.312807     0.558934    -1.605956    -1.721146    -0.808431
    0.502920     0.832880     1.005330     1.461135    -1.222118     0.317757     2.286550     1.941898     0.376319     1.210918     1.194862     1.271485
   -0.495752     0.206715    -0.213276    -1.865600    -2.056313    -1.951347     1.558617    -0.342266    -0.086163     0.229240     0.391506    -0.744209
   -1.127671    -0.867525    -1.834437     0.726533     0.732320    -0.264237    -0.492059    -0.741724     0.091747    -0.287046    -0.412569    -0.187233
   -0.021000    -0.614949     0.027897     0.039637     0.696629    -0.536620     1.390601     1.615237     1.897862    -0.850727    -0.268892    -0.748397
   -0.686379     0.480347     0.604255     2.171316     1.904035     0.084386    -0.316700    -0.384355    -1.125283    -0.046459     0.150232     1.207877
   -0.538355    -0.614414    -0.480272    -1.558151    -0.415519     0.106636    -1.103147    -0.806794    -1.190505     1.594141     1.102168     1.762056
    0.873360     0.183270    -0.275366     0.141504     1.614673     1.647604     1.005462    -0.672457    -1.172705     0.193635     0.120241    -1.961575
   -0.162713     0.042731    -0.649427    -1.465805     0.413418     0.324478     1.004342     0.270978     1.376459    -1.759420    -1.116460    -1.933081
    0.459507    -0.501201    -0.333485    -1.761492    -0.877409     0.253932     0.440932     0.278148     0.433247     0.026282     0.415231     0.498957
   -0.646442    -0.741719    -0.935360    -0.104083     0.103624    -0.319282     2.156908     0.304846     0.503356     0.186406     1.337922    -0.365513
    0.014231     0.383569     0.738890    -1.949572    -0.295017    -0.798083    -0.085492     0.046294    -0.235688     1.640959     0.469085     2.067261
   -0.658536    -0.749670    -0.696349    -0.636016    -0.151959    -0.529020     1.245796     1.349002    -0.782928    -1.359523    -1.347293    -1.494359
   -0.188612     1.332964    -1.058952     1.165230     1.822836     2.536421    -0.581931    -0.588025    -1.377867     0.417092    -0.075209    -0.181807
    1.453358     1.998044     0.902135    -0.330330    -0.568749    -1.397513     1.210996     1.763351    -0.390278     0.710659     1.854951     0.614440
    0.442776     0.482403    -0.720328     0.033572     0.656134     0.879464    -1.921481     0.259148    -0.684545     0.873840     0.282852     1.136613
    1.011829    -0.420358     0.278039    -0.775550    -1.607390    -1.069583     0.336983     1.454263    -0.224811     0.121293     0.533216     0.296337
   -0.166716     0.273897    -0.268449    -2.156973    -1.504428    -2.117917     0.152923    -0.421060     0.248587     1.236299     2.409900    -0.036145
    0.947510     1.151971     1.156572     1.084205     1.661344    -0.310868    -0.855744    -1.309192     0.139737    -0.292692    -0.163228     0.276573
    0.629449     0.374645    -0.497037     0.686220     2.369649     1.674763     0.425525    -0.808432    -0.120358     2.118822    -0.036193     0.382995
    1.224168     2.351689     0.926550    -0.465280    -0.562414     1.939120    -2.412306    -1.739337    -0.465529     0.141971    -0.534806     0.092128
   -0.368615    -0.491646    -1.348426     1.153902     0.507546     0.479031    -0.188500     0.140049     0.925343     0.326663     0.706861    -0.017061
    1.471451     1.817414     1.253456    -0.599756    -0.260612    -0.801581     0.611731     2.126731     0.856260     0.199096     0.673076    -0.668602
    0.050261     1.807010    -0.449025     1.235692     0.796201    -0.122314     0.403350    -0.911810    -0.664152    -2.242285    -1.108259    -0.693850
   -1.274909    -0.746969    -0.960563    -0.107719    -1.685713    -0.251197    -0.173847    -0.189695    -0.254964    -1.081741    -1.274463    -0.915654
   -0.867331     0.161420    -0.166615    -1.713613     1.517356    -0.475019     0.139705    -1.135089     0.815751     1.025190     0.351879     0.495718
   -0.465665     0.784431     0.891556    -0.863358     0.179358    -0.786735    -0.406445     0.205615    -0.350287     0.362812     0.204266     0.835102
   -0.117674    -0.798191    -0.605437    -0.985272    -1.639983    -0.350778     0.121033    -0.953480     0.829665     0.642758     0.841181     1.655168
   -0.462497     0.684011     0.942973     0.785516    -1.215319     0.548369     0.557773     0.342242     0.446077    -0.474635    -1.199871    -0.459445
    0.011391    -0.002946    -1.560243     1.254217     0.689069     3.253644     1.454611     1.908650     1.436262    -1.854245    -0.279988    -0.992653
   -0.838168     0.832494    -0.791121    -0.169742     0.262303     0.398428    -0.977722    -0.645988    -0.306671    -0.625277    -1.306559    -1.198857
    1.130186     0.955426    -0.338062     0.118378     0.155100     0.298906     1.049005     1.286387     1.635402    -1.014583     0.592470     0.513343
    0.264548    -2.072342     0.873290     0.662133    -2.450575     0.422710    -0.108906     0.338024    -1.290579     0.218877     0.403524    -0.882464
    1.100760    -0.808513     1.246894    -1.042078     0.466317     1.239716     0.038217     0.335949     1.270600    -1.412654    -1.474748    -1.059557
   -0.794299    -0.187618    -1.107309     1.814397     0.511814     0.774716    -0.122845     0.187082     0.263988    -2.154053    -1.619164    -3.442931
   -1.107136    -0.904865     0.516227    -0.554421    -0.530310    -1.137948     0.192954    -0.292649     0.439867     0.592767     0.668117     0.452399
   -0.972038     0.753806     1.571718     0.910649     0.997152     0.825525     0.364085     0.680009    -1.163240    -0.891989    -0.435607    -0.369143
    0.211248    -1.290521    -0.473902     0.254905     1.325045    -0.312424    -1.082111    -0.543665    -1.016019     2.004510     0.775884     0.580995
   -0.504610     1.039701     0.166954     0.879844     0.075753    -1.612471    -0.582808     0.279094     1.188731    -0.754247    -0.141229    -0.466126
   -1.183024    -2.044790    -0.850990    -0.753243    -0.199192    -1.614653    -0.108339    -0.576454    -2.252984     1.405966     1.117767     0.220481
   -0.834988    -0.925927    -0.088464     1.551942     1.887583     2.061370    -0.368241     0.086277    -0.457934    -1.163914     0.809048     0.911542
    0.536650     0.269100     1.413674     1.718584     2.010134     1.666824    -0.872690     0.908147    -0.157672     0.654906    -0.643305     1.499117
    0.794016     0.778695     0.862968     0.763763    -0.516441     1.361352    -1.219430    -0.223157    -0.366600    -1.950607    -1.165567     0.364586
   -1.450902    -0.187623    -0.141023    -0.753803    -0.402140     1.007786    -0.060682     0.135388     1.175814    -0.014691    -1.419719    -1.231401
   -0.995599    -1.090549     1.587913     0.629395    -1.014203    -0.110641    -1.410896    -0.492910    -0.239072    -0.946777    -0.840966    -1.851545
    0.706039     0.535376     0.529318     0.657800     0.513913     1.307141    -0.331631    -0.622242    -0.344035     0.970429    -0.258708    -0.717970
    1.394070     0.787426     0.432677    -1.397588    -1.821180    -1.845484    -0.271543    -1.349747    -1.813315    -0.222332     1.028439     0.544217
   -0.584703    -1.253272     0.421974     1.502243     0.987332     1.370888     0.671016     1.073597    -0.237725     0.559885     0.690719     1.257098
    0.873552     0.554053     0.954159     0.070003    -0.635934     1.640445     1.141125    -0.644028     1.228006     1.292880     0.444612     1.438796
    0.105301     0.255271     0.431345    -0.558381    -1.040597    -0.185600     1.391822     1.106260     1.522122    -2.736187    -0.931243    -1.274362
   -0.622189    -1.502158    -1.153511     0.879289    -1.046337    -0.782857    -1.085278    -0.761416    -1.025987    -0.810432    -0.740198    -0.717950
   -0.723257    -0.335285    -0.132495     0.130585     0.356183    -0.399590    -0.150476    -0.040574     0.036301     1.007015     1.130741    -0.255155
   -0.694090    -0.376743    -0.036839    -0.242564    -0.940208    -0.352209    -1.718564    -0.908747    -1.399750     2.178810     1.128396    -0.371541
    0.910605     0.518655     0.827398     0.760243     0.853131    -1.111504    -1.307106    -0.680932    -1.259078     0.464345    -1.824921    -1.218221
    1.647454     0.378905     0.751511     0.662889    -1.057405    -1.334018    -1.704694    -1.695154    -0.772946    -1.182110    -1.355815    -1.589352
    0.553496     0.684694     0.381026     0.366822     0.127969     0.473968    -0.230794    -0.073372    -0.707119    -1.106720    -0.583048     0.396986
   -1.284770    -0.535122    -0.590965    -2.236945    -0.761810    -1.728676     1.382420     0.337420     0.749050     0.133295    -1.184239    -1.071082
    1.284931     0.349258     1.725464     0.891146    -0.166075     0.015972     0.048738    -0.002901    -0.595513    -0.995241     1.091855    -1.097812
   -0.622153    -0.826978    -1.951247    -0.077798    -0.276044    -1.612633     1.416203    -0.059404     0.891422     1.038181     0.244454    -1.011426
    0.802788     0.776652     1.787200     1.552394     1.071780     1.874511    -0.878904     0.889232     0.126825    -1.528569    -1.034252    -2.334186
    0.464272     2.260624    -0.217723    -1.852621    -0.299372    -1.605739    -0.602918     0.052051    -0.387949     0.102563     0.176906     0.850744
    1.543031     0.224639    -0.212583    -0.490100    -0.524757     0.654693    -0.877844     0.571481    -0.101967    -0.790724    -1.073966    -0.800718
    0.985729     0.858708    -1.134086     0.997115     2.067680     1.179328    -1.314293    -0.077123    -0.234515    -0.028026     1.332006     1.091584
    0.251590     0.404068    -0.363432     0.826451    -1.462503     0.160434    -0.605682     0.747346     0.347305     0.277091     0.764809     0.834757
   -1.159820     0.967559    -0.163937     0.528999    -0.269003    -0.735824    -0.719939    -0.536857    -0.639750     1.278805     1.469483    -0.119680
    0.365936     1.728024     0.230842     0.727114    -0.237158    -0.161623    -0.532509    -0.616899    -0.894854    -0.036308     1.096831     1.076730
    1.251307     0.904858     1.814457    -0.552583    -0.049580    -0.991131    -0.823489    -0.048980     0.511049    -1.044284    -0.750716    -0.096165
   -1.431465    -0.758458    -0.419638     2.840382     1.253514     1.418928     1.304218     1.673664     1.241620    -0.147834    -0.070697     0.895016
    0.278816    -0.633113    -0.458243     0.923981     0.931302     2.555235    -1.902779    -2.220782    -1.214590    -1.665781     0.328785     0.191935
    1.110971     1.887915     0.091999     2.892782     1.887882     1.898749    -0.732747    -0.355160     0.219922     0.246488    -1.642311    -0.360692
    1.196649     0.182124    -1.222558     0.148101     0.840910     0.776097    -1.056255    -2.147796    -0.983494    -1.093933    -0.816656    -0.271636
    0.173555     0.808108     2.173782     0.842681    -0.012762    -0.361374     0.569073     0.123894    -0.151607    -1.042284    -0.530253    -0.396875
    2.402006     1.791410     0.565042    -0.271453    -0.749375    -0.580792     0.352051     1.909838    -0.088310    -1.924772    -1.826646    -1.656209
   -1.888347    -0.764427    -0.901398    -0.758668     1.102947     1.596817     1.220507     0.999338     0.504199    -0.636143     1.152287     0.832402
   -0.323087    -1.176179    -1.625381     1.587646     0.347398     1.594218    -1.327394     0.289116     1.085496     0.397121     2.322405     1.157854
    0.505588     0.234650     0.624680    -0.322522    -0.518645    -0.306511     0.714920     0.560459     0.925284     0.499264     1.316286    -0.492447
    0.800706     0.704583     0.509298    -0.607703     0.974150    -0.621057     0.227251     0.277490    -1.912402    -0.328155     0.739391     0.093465
    1.268994    -1.135898    -1.608325     2.390718     1.294027     2.054040    -0.475546     0.765208    -0.892473     1.705434     2.256426     0.513882
   -1.390109     1.187773     0.685171    -0.324958    -0.059714    -0.360213    -0.279253    -1.439561     0.319491    -1.227147     0.394548    -0.592474
   -1.873802    -0.964527    -1.484117     0.378874     0.674884    -0.245438    -0.296046     0.655007    -0.419236     0.855212     0.427783    -0.324011
    0.424596     0.658170    -0.619593    -1.789727    -1.997620    -1.415869     1.371931     1.221237     2.718318     0.489262     1.241228    -0.223602
    0.230000     0.122942     1.478173     2.123664    -0.080017    -0.090486     0.909832    -0.109072     0.240717     1.231612    -0.070523     0.011257
    1.377092     1.119274     2.503008     1.806110     1.372126     1.538244    -0.600550    -0.836879     0.114594    -0.948988    -0.561845     0.685000
   -0.135421     0.622282    -0.123901     0.519947     0.196243    -1.280824     0.213806    -0.530624    -0.339328    -0.142313     0.604395    -0.968433
    1.785328     0.922213     0.418764     1.140233     0.394707     0.427056     0.828280     1.135754     1.913451    -0.029018    -0.050782     0.779999
    1.513959     0.536390     0.052361     1.347689     1.025171    -0.215089     0.925623     0.453238     0.835674     0.715559     2.064772     1.571066
    2.104747     0.885662     0.219482    -1.613300     0.292277    -0.279395    -1.558447    -3.581810    -0.302985    -0.374863     0.129641    -0.333854
   -0.118436     0.146974     0.596080    -0.340573     0.255253     0.290003    -1.976665    -2.601180    -1.249112     0.020886     0.811382     1.041870
    0.899411     0.117355     0.535500     2.022152     1.833456     1.500882     1.234707     1.043984     0.335164    -1.100235     0.153177     0.019112
   -0.273120     1.076660     1.932128     0.570468    -0.425811    -1.102860    -1.557729    -1.011219    -1.915573    -0.380081    -0.736232    -1.305855
    0.134178     0.034657    -0.682806     1.500690     1.262702     0.663780    -0.054278    -0.044505    -0.924115    -1.418543     0.032170    -0.761546
   -2.509123    -0.722039    -1.235806     0.954136     1.360674     0.492805     1.016222     0.347006     1.484491    -3.629133    -1.504693    -1.398679
   -1.036651     0.936419     1.310406     0.966341    -0.466450     1.103581     0.260659     0.842932     0.325451     0.477544     1.558652     0.711668
    1.312369     0.432624     2.967696    -0.779689    -0.106657     0.104022     0.780394     0.828468     1.548871     0.451250     1.152049     0.171122
   -0.242141    -1.978068    -1.855294    -0.387747    -0.369640     0.749497     0.038659     1.177859     0.682987     1.550585     1.277863    -0.320557
    0.720895     0.895824     0.359110     0.019340    -1.409181    -0.772130     1.436489     0.564567     1.921754     0.397874     0.083708     1.480111
    0.622502    -0.081341     0.601962    -0.586483    -0.439838     0.291867    -1.025330     0.419473    -0.883763     2.894029     1.439354     2.060378
    1.379684     0.455416    -0.102500    -0.934164     0.058096    -0.994594     0.677504     1.235929     0.223139     0.782568    -0.400516     0.778041
    0.589541     1.233250     0.603083     0.033213     0.648559    -0.210626     1.055270     0.513307     0.730149    -1.676047    -0.954310    -1.514250
   -0.477875     0.719253     0.940846    -0.360665    -0.901737    -0.718190     0.570941    -0.058018    -1.229635    -1.257701    -0.794504    -1.126365
   -0.969553    -2.318614    -0.857816    -0.955761    -0.470645     0.930475    -2.048040    -0.379899     0.494857     0.414047    -0.831572    -0.270989
   -2.886760    -1.174417    -1.007197     1.298026    -0.296118     0.859787     1.236562     0.626208     0.767490     0.882264     0.354341    -0.263890
   -0.357355    -1.100990    -0.728494    -1.667281    -0.258299    -0.606669    -1.225677    -1.743193    -1.532152     0.148524     0.265811     0.572007
    0.189859    -0.494493    -0.168611    -1.285916    -0.822193    -0.692874    -0.006472     0.450727    -0.987635     1.296607     0.396422     0.034261
    0.823676     0.396053    -0.584237    -0.139967    -0.489734    -1.267709    -0.737125     0.835779     0.874732     0.679281     0.877737     0.706523
    0.309383    -0.066737    -0.012089    -0.835264    -1.066237    -1.428088    -1.307594    -0.551346    -0.173590    -0.292933     0.296699     0.465251
    0.069593     0.869763     2.228469    -0.500456     0.237768    -0.588087    -1.772497    -1.991330    -1.300391    -1.898986    -1.632283    -1.933310
   -0.802574    -1.629191     1.364563     0.720642    -0.140933    -0.698733     0.876034     1.027401     0.874874    -1.488493    -1.169371    -1.993413
    0.565205    -0.670991    -0.256288     0.455574     1.196729    -0.415692     0.239685    -0.475459    -0.208331    -0.500024     0.538462    -0.125995
   -2.774578    -1.435440    -0.117282    -0.562342     0.064483     1.409954    -1.382428    -0.376800    -1.968900    -0.709425    -0.228785    -0.544975
   -0.019633    -1.042005    -2.011110    -1.064040     0.875689     0.342135     1.764139    -0.078012     1.023135     1.239345     1.388494    -0.797106
    0.763924     0.950725    -0.983796    -0.585513     0.548189    -0.159514     0.789355     1.119430     1.302736    -2.027538    -0.316873     0.582950
    2.411430     0.428840     1.432284     0.852487     3.741018     1.959118    -0.372952    -0.294157    -0.804447    -0.843066     0.560193    -0.743322
    0.089606    -0.538751     1.118968    -0.395474    -1.200217    -1.910240     0.008577    -0.004251    -0.227160    -1.563181    -0.398439     0.298803
   -0.374268     0.375355     0.493973    -0.576973    -1.185144     0.101842     0.177950     0.203512    -0.179101    -0.293812    -0.668928    -0.211054
    0.082137     1.565212     0.096205    -0.580111     1.208183     1.355534     0.837632     0.699256     0.581387     0.640506    -0.009307    -0.600006
   -0.725756     0.743207    -0.439012     2.516223     1.235970     1.715961    -1.313171    -2.023126    -0.501401    -1.290290     0.212621    -0.540640
   -1.590598    -0.357937    -1.030529     1.201611     0.696443     1.653296    -1.130002    -0.885109    -0.430903     1.886039     1.539801    -0.345152
   -0.267884    -1.210671    -1.430488     2.089014     1.744107     1.072743     0.819383     1.182524     0.443749     1.862725     1.371576     1.750860
    0.068249     0.618936    -0.435831     1.541810    -0.071833    -0.299012    -0.950748     0.661711     1.250993     0.684197    -1.354795    -1.549901
   -0.016969     0.992427     0.739386     1.046136    -0.651444    -0.591144    -0.073570    -1.307253    -1.349943     1.334394     0.837092     0.634294
    0.418501    -0.351876    -0.251407    -2.407717    -2.557954    -0.898776     1.222006    -1.243250     0.509911     0.062807     0.378545     0.036390
   -1.481143    -0.014503    -0.285816    -0.229704    -0.143762     0.024209    -0.322414    -0.882642    -0.213039     1.455768     0.277782     0.653206
   -0.557025     0.713157     1.279254    -0.320069    -0.000282     0.735866     0.482323     1.887072    -0.137403    -0.165208    -0.179288    -0.276016
    0.755476     1.143669    -0.303109    -0.435627     0.599709    -0.448870    -1.502923    -1.167410    -1.215897     0.375932     0.372975     1.361028
   -0.549132    -0.890829    -0.846418    -0.590406     0.948302    -0.589658     1.806108    -0.014887     1.078826     0.578964    -0.841127     0.056308
    1.108360     0.341313     0.220409    -0.629533    -0.006585    -0.563502    -0.221631     0.288709     0.589728     2.677625     2.609150     2.210326
    0.681356    -0.618337    -0.022233    -0.336784    -0.222690    -0.073337    -0.030271    -0.532036     0.351885    -0.642616    -0.081859     0.635932
    0.598877     1.128182     0.327416     1.857186    -0.902076     0.774096    -0.663005    -0.256204    -0.404456     0.191623    -0.198576    -2.319372
    0.210719     0.394691    -0.111661     0.126913    -0.057042    -0.380112    -0.195309     0.242000    -0.401864    -0.263749    -1.137456    -0.608343
    1.894927     0.272725    -1.136570     0.696767     1.088825    -1.131990     0.184353    -0.071903    -0.909567    -1.201130    -2.328884     0.039145
    0.693839     0.230995    -0.270604     0.025815     0.911051     0.750399     0.172090     0.368450     1.291446     0.545397     1.394278     0.216050
    0.029200    -0.037086    -0.293393     1.072019     0.491222     0.125600     1.755414     1.616668     1.601281    -0.380422     0.168974     0.075277
   -1.001822    -1.191058    -0.550364     1.481665     1.442233     1.385673    -0.101860     0.556200    -0.569272     0.780919     1.719337    -0.222428
    0.175081    -1.108010     0.519994    -0.740244    -0.991466    -1.879160     1.935356     0.882410     1.106493    -0.291701    -1.080005    -0.912428
    0.638619     0.489418     0.831750    -0.405340    -0.023384     0.804895     0.022058    -0.573010     1.174414    -2.167767    -2.516645    -1.413034
