   -0.484251     0.164324    -0.816640    -1.214798    -3.531488     1.395119     0.187934     0.738686     1.958210     2.098384    -0.662081     1.151096
    1.431771     2.189535     2.711484     1.489442     2.845961     0.569806     0.260321     1.748726     1.263525    -0.140888    -0.044067    -0.300200
    0.249494    -0.844168    -2.020669    -0.672881    -2.941666    -1.533986    -0.864721    -1.643483    -0.609617    -1.158605     0.450511    -0.548888
    1.910555    -0.545532    -0.733979     1.233486     0.660690     3.681783    -1.621334    -0.563101     0.591941    -0.507533     0.286542    -0.273953
   -0.565730    -0.533475     1.581890    -0.749295     1.088398     0.888930    -0.126975    -0.372875    -0.508604     0.020240    -0.188882     0.031858
    1.458301     0.514717    -0.010520     0.461263     2.142377     2.090813    -1.114703     3.314641     2.310905    -1.225791     0.394118     1.465763
    1.475499    -1.302926    -0.478725    -0.010702     0.817120    -0.671415     0.207296    -1.235553    -0.188681    -0.104865    -1.659322    -1.352849
   -1.025212    -0.601389    -0.453728     2.725544    -0.067866    -1.362874    -0.090755     0.187355    -0.638067     1.045811    -1.665759    -1.125261
   -1.492082    -0.836638     1.610861     0.036908     0.518133     0.120419     1.110626    -0.343539     2.346723     1.679545    -0.996520     0.354815
    1.214952     0.576565    -0.186999    -0.784412    -1.299424     0.480663     0.342644     0.013876     1.595431     0.557972     0.947507     3.312296
   -2.950663     0.151171     0.833046    -1.073194    -0.131581     0.261732    -2.157477    -0.412397    -0.630086    -1.935186    -1.464901     0.190306
    1.807964     2.688450     0.595583     0.548581     1.582059     1.401649     0.828581     0.852385    -1.419073     0.551281    -0.882652    -0.028422
    2.096309     0.870052     0.071782     0.270442     0.179002     2.024571     0.474913     0.121692     0.713580    -0.929042     2.038672     1.080051
   -2.063846     0.434298    -1.044151    -1.620149    -1.222593     0.176408     0.327379     1.404909    -1.142245    -2.403339    -0.267275    -0.750170
    0.551663    -0.116131     0.887709     1.153428     0.276086     1.697351    -3.090173     0.087470     0.014758    -1.325085     0.355827    -1.235556
    2.237860     1.440408     1.377227    -0.289989     0.855869     0.310447     2.250484    -0.386309     0.013210     0.824150     2.236062     0.985377
    1.160687    -0.008062     0.034607    -0.108253    -2.252264    -3.013188    -1.582920     1.923653    -1.707328    -0.956967    -2.509109    -4.145624
    1.006037     1.019012    -0.485615    -2.008055     1.930545     0.280686     0.947344     0.679219    -1.311841    -1.441223     0.685532     0.596879
    1.357584     1.478943     0.023789    -1.773010    -1.157699    -0.390669     0.372023     1.601110    -0.426607    -0.931008     1.519934     2.042032
   -0.666902    -1.134603    -2.069227    -0.727937     0.360671     0.769788    -0.500895     1.458862    -0.036357    -1.658708    -0.420523     0.113404
   -0.703537    -0.305722     0.957132     0.317843    -0.286825    -0.337751     0.045780     0.631940     1.574653     0.692775     1.058752    -0.123497
    0.343346     0.184078     1.504467     0.967148     2.592552     1.276868     0.838559     0.722176     1.769297     0.465886    -0.382495     1.822673
   -0.647616    -0.419580     3.160517    -0.515412    -0.905734    -1.084791     0.128764     1.095364     1.810126     0.569826     2.123257     1.340805
   -0.957621     0.201892    -1.449482    -1.008570    -0.748096    -1.827747     1.277307     0.265918    -1.515619     0.998674    -1.118170    -1.541027
    0.231139    -0.778034    -1.594421    -0.250643    -0.834281    -0.945845    -2.996359    -2.370584    -0.513679    -1.664774    -1.682467    -0.847128
    1.382753     2.097156     0.605293    -0.174979     1.664412     0.412389     2.310915     2.332776     2.599916    -0.893250     1.237432     0.534221
    0.468878     1.461021     1.452966    -0.208884    -1.117178     0.499364    -0.585408     1.936703    -1.380444     2.673914     1.743292     0.423178
    0.624630    -0.641419    -0.317074     2.662458     0.879894     1.686432    -0.312188    -2.131639    -0.983949     0.617468    -0.821646     0.557961
    1.391574     1.897734     1.855343    -0.485143    -0.048939    -0.353266     2.362622     1.618945     2.559078     2.070213    -0.158422     2.583454
   -1.369414    -1.565256    -0.770808    -0.510496     0.041311     1.699862     0.585317     0.617539    -0.134919     0.729897     2.097803    -0.633992
   -1.820076    -0.680250    -2.539134     0.129749     1.120306    -1.425987     0.322105     0.986762    -2.069985     1.221771     0.533974    -0.161696
   -1.945474     0.214474    -0.890486    -1.605093    -0.531614    -0.069720    -2.981448    -3.082475    -0.459958     0.842642    -0.070186    -0.686709
   -1.024624     1.136461    -1.653674    -0.175772    -0.467546     0.763176    -1.534681    -1.326338    -1.550196    -2.450623    -2.181364     0.494772
    0.253419    -2.349450     0.032868    -0.170408    -0.444511     1.316189    -0.292427    -0.611315    -1.683413    -1.527959    -1.637325    -2.245516
    0.670670     0.601358     0.600749     1.060546    -0.457686     0.341510     0.897409     0.751007     0.902441     0.351552    -0.572667     0.797630
   -2.341400    -1.983802    -2.251369     0.264401    -0.620242    -0.394469    -1.075191     1.188183    -0.332218    -1.386956    -1.119392     0.351616
   -1.038606    -1.974645    -1.301121     0.746374    -0.326368    -1.857053    -0.882953    -1.820634    -1.720199     0.741057    -0.385973    -1.388133
    2.052377     2.916376     2.105891    -0.197898    -0.517381    -1.106085     0.272785     1.690682     2.488351     2.725014     3.926585     1.393789
    2.183496    -0.738380    -0.802081    -2.160063    -2.793754    -0.183544    -1.011280    -0.015591    -2.332608    -0.528126    -0.261992     1.266152
   -0.507156    -0.026709    -1.508353    -1.346023    -1.434613    -0.114129     1.351573     0.983943    -1.229583     0.083071    -0.750432    -1.429363
    1.960909     0.084448     2.091663    -0.309588     0.656178     0.107591     1.667691     1.562488    -1.427939     0.285156     0.821657     1.323004
   -0.147610    -1.936243     1.873154    -0.566939     0.996502     1.676207    -0.953943    -0.566967     0.681257    -0.650517     2.273045     0.574879
   -1.881213    -2.202933    -1.371476     1.619072     0.851329    -0.314199    -0.975550    -0.562431    -1.160801     1.921632     1.128159    -0.366688
    1.413802    -1.059883    -0.715852     2.375266     0.045252     0.043607    -0.096451     0.526860    -0.031282     0.397315    -0.947930    -1.322244
   -1.163418     0.131062    -0.743414    -0.663137    -0.037574    -0.707131     1.044720     0.848315    -0.625148    -0.427942     0.784292    -1.356545
   -1.117052     1.361461    -0.474900     0.076560     0.884636     0.913948     1.255510     1.024924     2.288213    -0.252682    -1.050400     0.034193
   -1.876706     0.299547    -1.064781    -1.436440    -1.956487    -2.386037    -0.600936     0.653202     0.001570    -0.064290     0.237860    -2.097488
    1.535512     0.679940     1.481903     0.437237     1.458720     0.402305     0.241357    -0.293182    -1.671345    -0.107030    -0.112203    -1.639358
    0.029063    -0.829524    -0.792768     1.703288     0.336179     1.249356     1.837751     0.409358     0.568100     0.605878     0.210631     1.891286
    0.552301     0.885907    -0.360137     0.208774    -0.439553     0.306563     0.123824    -1.702901    -0.826365     0.664130    -3.983072     0.582492
    0.056451     0.249855     1.113382     1.250462     2.067688     2.221700    -1.060845    -1.061586    -0.773906     1.063873    -0.686678     1.673878
   -0.588100    -1.964812    -1.049841    -1.217617     0.431088    -0.673956     1.869422    -0.777568    -0.833865    -0.801987    -0.624116    -1.260486
   -1.665767    -0.307835    -1.114587    -1.268873    -1.646481    -1.450270    -1.521941    -0.632458    -1.988799     0.884289    -0.356974     0.635633
    0.075142    -0.678643    -1.169837     0.108780     0.095985    -0.386573    -2.424148    -2.257480    -0.551510    -0.158308     0.538525    -1.695465
    0.302195     0.186483    -0.265625     1.325435    -0.817859    -0.829270     1.277286     0.865860     0.307249     0.704498     0.123462    -1.739743
   -0.186038    -0.375547    -0.482608    -0.589552    -0.125426    -0.878127    -0.279226    -1.430763    -0.419940    -0.669115     0.608936     0.505101
    0.474713     1.406547     1.068869    -0.693216     1.390547    -0.167436     0.850024    -0.631147     1.799301     3.537306     1.039704    -0.078092
    0.090091     2.174325     1.135282    -0.310326     0.748529    -0.135012     0.840279     1.948939     1.049792     1.119849    -0.017025    -0.733431
    1.458500     0.542359     1.817174    -0.148966     1.179476     1.625059     1.186216     0.516159     1.324789    -0.470270    -1.935446     0.232445
   -0.362446    -0.091214    -0.971358    -2.001733    -0.611893     0.093731    -0.585081     0.179033    -1.403380    -0.748645    -0.477709     0.964172
   -1.114311     0.018369     0.456400    -3.039320    -1.858758    -0.295072    -2.222843    -0.404434     0.543379    -1.660315     0.143922     0.680836
    0.027675     0.794955     0.507615     2.118351     0.524048     0.796110    -1.253088    -0.730074    -1.073041    -0.141674    -1.078638    -0.546550
    0.258275    -0.666110    -0.383714     0.761528     0.196457     1.969309     0.463994     0.563471     0.545817    -2.615197    -1.486982    -1.546500
   -1.525366    -3.123872    -0.573917    -0.084815     0.258664    -0.383930    -1.440268    -1.341997    -0.367072     0.112455    -0.819847    -1.933460
   -1.513980     0.074890     1.264141     1.913311    -0.104550    -1.011838    -0.923177    -0.773717    -0.420999     0.245855    -0.646131     0.093124
    0.332821     1.499277     0.438433     0.450551    -1.876469     1.443314     1.494951    -0.679479     0.487018    -1.332126    -1.354424     0.365977
   -0.017985    -0.126212     0.285057     2.087952    -0.854719    -0.193441    -1.890244    -0.473491    -2.171408    -0.964747    -1.812928    -1.231320
   -1.137705     0.019994    -0.521575    -0.267541    -0.890846     0.179961    -0.311290    -1.406116     0.095695    -0.886244    -0.873285     0.515940
    1.108265     1.962402     0.156350    -0.373822     0.047701    -0.098901     0.738950    -0.089045     1.419165     0.659798     0.134039     3.479151
    1.066379     0.017304     1.005443     0.142808     0.512104     1.963883    -1.486922     1.569753     0.402600     2.557975     1.317159     1.392743
    1.116766     1.059402     1.622754     0.729459    -1.985547    -1.386175    -1.263791     0.638729    -0.254738    -1.993371    -1.618746    -0.713553
    0.730692     1.451054    -0.274078     1.839932     1.647667     1.507598     1.807515    -0.918694     2.090786     1.753104    -0.523219    -0.434035
   -0.989651    -2.564322    -0.664370     1.182098     0.711660    -0.550428    -0.032351    -0.623885     0.067037    -1.262378    -1.890967    -1.567442
   -0.840406     0.629284     0.108952     0.669837     0.355917    -0.371563    -0.732645     0.881193     0.510345     1.583447     1.528604     1.206957
   -0.799952     1.657607     2.236439    -0.526829     0.663770     1.842078    -2.028119    -0.694926    -1.725041    -0.353067     2.253581     0.403545
    1.923703    -0.788587     0.449432     0.010204     0.211236     0.451776     0.106896    -0.329416    -0.953092     0.886591     0.713404     1.294220
    0.260017     0.426128     2.337788    -0.515637    -0.467736    -0.004986    -0.668879    -1.721344     1.772990    -1.174644     0.368425    -0.333579
   -0.566770     1.295800     0.347194    -0.036707     0.634356     1.584373    -0.686269     1.516845     0.753316    -0.662644     0.781889     0.016631
    2.252126     1.673953     0.763654    -0.336838     0.010557     0.720380     1.100307     0.189395    -2.221645    -0.456189     0.632269     0.854643
   -0.080191     0.021510    -0.205586     0.980702     2.426862    -0.996896    -0.988997    -0.957924    -0.635466     1.735088     0.963301     1.141197
   -1.026728    -0.399902    -0.665400    -1.417173    -0.468788     0.476756     0.609013    -2.476163    -0.586850     0.998679    -0.244262     0.277924
    1.336566     0.976494     0.545743    -1.924458     0.017985     0.144621     0.477310     1.147166    -0.399828    -0.822519     1.011026    -0.296279
    0.888672     0.369799     0.003241    -0.214908     0.738931    -2.207225     0.020047    -0.376919    -0.978086    -1.616814    -2.656447    -3.126971
   -0.224297    -2.573500    -1.278591    -1.964533    -1.152720    -2.864822    -0.345156    -1.362617    -0.822266    -0.328536     1.144444     1.515630
    0.494437    -0.485804     1.079174    -0.505603    -1.312419     0.840678     0.787871     0.296673     0.337753    -1.509214    -0.845192    -1.238651
   -0.053760     1.979398     0.224780     2.818017     1.305659     2.011819     2.061081     1.013703     2.208974     1.740801     2.625571     1.838832
    0.634845     1.329512     0.919329    -0.190093     0.540425     0.662267    -0.590763    -0.576087    -2.450886    -0.401713    -0.342429    -1.765610
   -1.649282     0.127084     1.398910    -1.629549    -1.300730    -1.494242    -3.538424    -1.054674    -0.148505    -1.298745     0.237532     0.168601
    1.487535    -0.243042     0.376472     1.314947    -1.238950    -1.934558     1.390630    -0.176915    -1.777568    -0.313414    -1.050752    -0.949517
    0.692693     2.154435     2.331367     1.142467     2.600522     2.691902     0.926371     1.703400     0.506109    -0.449583     1.338733     1.299992
    0.445907     0.065203     1.292360     1.095694     1.972644     1.648665     2.550252     2.806511     0.297972     0.311123    -1.415881    -1.911422
   -0.254047     0.215608     0.636834     2.077836    -1.590892    -0.277340    -1.082355    -0.889091     1.268069     1.145686     0.131022    -0.179636
    0.509477     0.623498    -0.865807    -0.494430    -0.205898     0.108692    -0.185807    -0.530959    -1.349457     0.265061     0.835690     0.308034
   -0.379656     0.243105    -0.874605     0.710308     1.278977     0.849116    -0.901962    -0.923023    -1.482483     0.379133     0.593449    -1.518267
   -1.185332    -0.369570    -1.590701    -1.649732    -1.437205    -1.681130    -1.004861     0.452618    -0.497085    -1.349624    -0.389218     1.344125
    3.238864     1.090092     1.943810     0.453206     2.119669     2.195483     2.871917     1.354309     1.856928     1.921227     2.058687     2.503391
   -0.562194     1.768602     0.512852    -1.596689    -0.426050    -0.773619    -0.814448    -0.022717     0.353930    -1.537009     0.344080     1.514446
    0.307060    -1.206017    -1.628020     0.981378     0.726298     1.843963     2.338133     0.576021    -0.134735     0.549489     0.178261     0.280003
    1.998710    -0.342613    -0.269763     0.668455    -0.200935    -1.861609     3.302790     2.737818     2.387746    -0.810892    -0.268679    -0.560077
    0.959921     1.108858    -0.872752     1.984016     1.375852     0.196926     1.824448     2.072350     1.598895    -2.357193     1.877805     1.169072
    0.557868     1.451469     1.547197     1.249265    -1.747827    -0.826682     1.721439     2.215430     1.489253    -0.531431     0.982342     1.451879
   -2.661179    -2.065710    -0.358653    -3.153225    -2.452102    -1.027354    -2.336826    -1.658812    -1.632894     0.048136    -0.487685    -1.778010
   -0.840724     0.498037     1.446825     0.152736    -1.602867    -1.096421    -1.587117    -1.902819    -0.673770    -2.220870    -2.996461    -1.321204
   -2.293890     0.490854    -0.158733     2.977856     1.452150     0.368160    -2.471118     0.105048    -0.295230     2.345868     0.710345     1.198363
   -0.277582     0.934082     1.580295    -0.003415    -1.658441     0.831932     1.050718     2.018783     2.247074     0.065842    -2.565943     0.333630
    0.327166     0.397679    -1.670225     0.212624     0.612740    -0.150214    -0.671706     1.066321    -0.725047     0.021550     0.112573    -0.343819
   -1.274997     0.495529     0.370629    -3.220236     0.412978     0.865293    -1.161405    -1.038576    -0.772619    -0.671308    -0.625544     1.402244
   -1.490103    -0.142025     2.123910    -3.208208    -0.631666    -1.093642    -1.334899    -0.613553     1.053374    -0.847136     1.397135     1.233477
    1.918135     1.569249     1.742108    -0.656758     1.426695     2.169447     0.390978    -0.222055     1.753995     0.557593     0.960444     0.125298
    2.554744     1.077084    -0.429834     1.597578    -0.426001     0.343825     0.419469    -2.304220     0.070770    -0.329506     0.715765    -0.894330
    0.287503     0.324849    -0.406664    -0.841458     0.307909    -0.390449    -2.971617    -2.075977    -1.793979    -1.435659    -0.753103    -3.084698
    0.065124     0.835652     1.108679     0.673970     1.119680     0.206417     0.585916     1.219797     0.005980     0.380833    -0.150880    -0.970125
   -0.881701    -1.146718    -3.396272    -1.193280    -0.968373    -0.930582     0.651594     0.373326    -0.526096     0.641206     3.116960     1.719964
   -0.413644    -0.007058    -0.506537    -0.041557     1.852820     0.799457     0.513864    -1.265076    -0.988933    -0.514309     0.925336     1.077307
   -1.544927     0.400318    -0.266566    -1.352541    -0.630989    -1.107914    -1.471040    -0.653116     0.461668     0.791255     0.058320     0.032997
   -0.889813     1.622546     1.405732    -0.372948     0.299489    -1.013349    -0.139532     1.171243     0.067831    -1.278773    -0.433306    -1.379928
   -0.406801     0.630983    -0.905539     0.433227     0.224138    -0.742873     0.980864     1.220586     0.496689     0.075324    -0.682561     0.169201
   -0.407126    -0.662081    -2.460819    -0.439751     0.306515     0.508285    -1.636187    -1.180842     0.027577    -0.899461    -1.750569    -2.505240
    0.199153     2.462253     1.397495     0.487073     0.211015    -0.627166    -1.234066     1.602006     1.655387     1.398591     1.671121    -0.057416
   -0.700308    -2.701853    -0.302982    -1.713170    -1.003620     0.265280    -0.878998    -1.297740    -0.463285    -1.947444    -1.674589    -0.310516
   -0.266971    -0.783636    -0.428872     1.041189     0.332127     2.103749     3.049437    -1.169355     0.606404     0.221407    -0.388650    -0.291988
   -1.024251     1.362017     1.917495     0.500991     1.922369     0.376318    -1.400573    -2.353192     0.537576     0.888718     1.589711     0.147972
    1.250667    -0.172112    -0.813736    -2.411091    -0.793161     0.143141     0.976127     2.829144     3.036437     0.481854     2.282197     2.243547
    0.884275     0.086367    -0.100516    -0.202126     1.915002    -0.501100     0.059160    -0.557970    -0.358177    -0.330966    -0.206993     0.938754
   -0.123585     0.242494    -0.865362     2.160012     0.136404     0.171241     0.981654    -0.371731     0.715469    -0.086276     2.192529     0.309268
    0.725288    -0.343624    -0.018827    -0.663601     1.677125     0.735958     1.203328     1.153038    -0.904772    -0.065734    -1.161157     1.365946
    0.610896     1.294280     1.373765    -0.675828    -0.406765     0.915488     1.098507    -0.302583     0.528655    -0.000549     1.672300     2.726003
   -1.208974    -0.335221    -1.121084    -3.698533    -1.514986    -0.120546     1.063031     1.803865     1.889409    -1.731143    -1.375705    -0.621427
   -1.119236    -1.077661     0.118772     0.630723     0.713791    -0.875350    -1.092421    -0.727542    -0.839336     0.628242    -0.977950     0.190669
   -2.954064    -1.141634     0.261615     1.827850    -0.751652    -0.700187    -1.038037     0.040037     0.012729    -0.327346    -0.131727    -0.277401
    1.527062     3.349195    -0.134994     1.236798     1.783967     3.098555     0.759028    -0.198401     0.598420     0.463316    -0.581462     1.020074
   -1.605465    -1.351523    -0.972796     0.805259    -0.036913     0.721329     0.563062     0.670205     1.384266     0.623469    -0.388597    -0.415558
    1.097070    -1.039633    -0.676886     0.521242     1.148911     1.059093     0.893237    -0.077183     0.449284     3.488831     1.210756     0.658814
   -0.864392    -0.823102    -1.222752     0.507937    -1.363585    -2.243963    -0.720296    -2.188898    -2.459404     0.887087    -1.263140    -0.855819
   -0.525598    -1.664929    -2.057366     0.956331     1.340576    -0.770954     0.633961    -0.241169    -0.134215     1.954063     1.224169     0.610238
    0.584724    -0.727191     0.383851     0.419865     0.354195    -0.768563     2.604027     0.796510     1.739359    -2.617808    -2.285160    -2.689869
    0.676766     0.980165     0.725849     0.230295     1.669368     2.029989     1.236858     1.387502     1.552085     2.076266     0.491174     4.152736
   -1.506636     0.074069    -1.928586    -1.022700    -1.470502    -0.830212    -2.195349     1.306204     0.466947     0.516829     0.436530     0.613293
   -3.130641    -1.310477     1.175377     1.739211    -0.243455     3.532067    -0.780667    -0.443084     0.327623    -0.300807     1.454721     2.000984
    0.135402    -0.004933    -0.529419    -0.825346    -2.771690    -2.723540     0.380945    -0.005277    -0.655891    -0.417356    -0.688797     0.080786
    1.582204     0.606359     1.493963     2.573636     2.257616     1.155918     1.189968     2.653334    -0.349972     0.300719     1.177349    -0.063355
   -0.771554    -0.509089     1.344244     1.889704    -2.211874    -0.195086     0.449374     0.162611    -0.551046     0.908384     0.858256     1.116472
   -1.267010    -2.725385    -1.239145    -0.243059    -1.210985    -1.533341    -0.878448    -1.356621    -0.398914    -0.406153    -1.731219    -0.757189
    0.676692     0.339059    -0.178865     0.516309     0.665813     1.813810     0.714947    -0.277542     1.344084     0.471105     0.892491     0.421648
   -1.347418    -1.590741     0.556695    -2.029767    -0.114106    -2.426520    -2.307729    -1.998008    -0.141384    -1.244087    -0.782456    -1.091889
    0.338115     0.057502    -0.657599    -0.383672    -1.190028    -1.486269     0.232295     1.452219    -0.047567    -2.155553    -1.368697     0.458869
   -1.334933     0.916733     0.369139     0.350191    -0.992209     0.075573    -1.528749    -1.873496    -0.823881     1.447399     1.097681    -1.150738
    1.320051     2.632418     2.071513     1.611569     0.937538     1.670647    -0.057343     0.984014     2.064437     0.178525     0.024449    -0.951866
   -0.406447    -0.464247     0.235417     0.987086     1.913847     1.391730    -0.005731     0.903979     2.833928     0.272385     1.593431     0.744925
    0.722627     0.268115     0.949919    -0.636124    -0.140193    -0.283126     0.727313     3.102713     0.867449     2.377822     0.616625    -0.301664
   -0.065741     0.829326     0.431481    -0.364996     0.525386    -0.114623     0.201850     0.194414     0.269817    -0.106463    -0.855496     0.333657
   -1.644802     2.304850    -0.714265    -1.842638    -0.052490    -0.577584    -0.438360    -0.954413    -1.925689     0.697747     2.024894     1.346928
   -0.315043    -0.490691    -2.591825    -0.523196     0.455644    -1.241491     0.344579    -0.271718    -1.238996    -1.896175     0.665090    -1.912121
    0.838084     1.657243    -0.023299     1.330743    -0.578322     1.223281     0.937039     0.874871    -0.175421     0.041712     0.336669     0.461604
    2.065470     0.805391    -0.898255     1.134472     0.075088    -0.990169    -0.601598    -1.674149    -0.862589    -2.713380    -0.431468    -0.677380
    1.830282     0.459774     0.634374     1.624856     0.096794    -0.660906     0.595250     1.291543     0.685963     3.216143     0.360529     0.779087
   -0.555769    -4.921124    -1.181420    -2.183900    -1.749505    -1.052948    -0.870478    -2.019848    -1.792648    -0.661407    -0.983282    -1.283536
   -1.402107    -0.382744    -1.329177     0.817437    -0.388768     0.104051    -0.623527     0.222755     0.630665     0.678518    -1.025010     1.254565
    1.244256     0.500702     1.679241    -1.017849    -0.464523     0.436969     2.067512    -0.125630     2.948385    -0.599651     0.416142     3.761437
    1.461406     2.350735     2.936055     1.402495    -0.152229    -1.392598    -0.907651     0.129579     1.924538     0.880511     1.003201    -0.310712
   -0.881461    -2.209166    -1.335051    -1.941527    -3.436489    -1.010210     0.280747     1.511165    -0.731719    -1.526022    -0.494932    -1.154970
    1.275648     0.004132     0.013851    -0.230530    -0.382152    -1.301532    -0.348812    -1.228647     0.275962    -0.378264     0.302888    -1.282259
   -1.458972     0.604804     2.370951     0.576740    -1.891621     0.372599     0.573513     0.671201     1.837674     1.092507     0.813096     3.442742
    1.397544     2.627335     2.041993     1.977883     0.256312     2.491297     1.798710     0.150466     1.134883     1.311936     0.456196     2.570753
    2.259323    -0.166856    -0.743582    -0.470394     0.763460    -0.195755    -1.091432    -0.884765     0.899327    -0.296820     1.408781    -0.312578
   -1.412287     0.100093    -1.330387    -0.762842    -1.042391    -0.771632    -0.362865    -0.400456    -1.096600     0.031310    -1.668760    -1.526255
    1.895349     0.071635    -0.555933     0.278806     0.057821     0.847475     3.060036     0.231912     0.486341    -0.504204    -0.637236    -0.376027
   -0.180078     0.267536     1.095214     0.864067     0.767577     2.344281     0.903564     1.156892     1.357718     0.123349     0.110693    -0.568810
   -0.104384    -1.796276    -0.418786    -0.875338    -1.987794     0.092114    -0.676194     0.245599    -0.522247     0.666055    -0.586966     1.549689
    1.862506     2.298004     2.098718     0.103869     0.168277    -0.672880     1.533007     0.914339     2.584856     2.893044     0.348410    -0.631229
   -1.987650    -1.473885     0.415094    -1.477077    -0.630263    -2.662957    -0.830587    -0.761241    -1.451434    -0.165042    -1.437340    -1.769301
    2.176725     0.214274     0.161386     0.656086     2.940176     0.879663     1.854020    -0.119409    -1.458191     0.577789     1.003569     1.174032
   -1.205803    -1.582880    -0.625261     0.484284     1.734430     0.633495    -1.544178    -0.152165     0.015353    -2.867967     0.570580     0.495943
   -0.626870    -0.631946    -0.620230     1.469681     1.949735     1.931878    -0.493771     1.196712    -0.281455     1.657409     0.165863    -0.800130
   -1.101197    -1.178501    -1.437392    -0.537496     1.186339    -1.055261     1.437911    -0.763905    -0.047056     2.623997     1.248976     0.637298
   -0.221609    -1.049185    -1.703758    -1.897872    -2.172678    -1.433335     0.935203     0.830511     0.139921    -1.008145    -1.546398    -0.496205
    1.786121     1.910345     2.881093    -0.822605    -0.096826    -1.226110     2.329085     0.632896     2.955722    -0.284011    -0.981827    -2.007363
   -0.893201    -0.918619    -0.911856    -0.145241     1.518303    -1.595838    -0.988642    -1.117071    -0.893870    -0.517196     3.151004    -1.371721
   -1.316642    -0.302801    -1.457130    -0.470606     0.212149     2.148387     1.410278     0.009528     2.426758     0.413816     2.002527     1.922233
    1.424822    -1.111505    -0.985999    -0.912378    -1.156565     1.390218     1.099031     1.272503     0.222453    -2.323336    -1.829414     1.167292
    0.067199    -1.095485     0.157178    -3.023852    -1.231727    -0.680519     0.241217    -0.453799     1.777764    -1.956480    -0.992820    -2.167808
   -1.544913     1.126085    -0.092913     0.830704    -0.194241     3.193738     0.693619     0.288826    -0.340467     0.134624     0.601181    -0.260203
    2.184732     0.694423    -0.173420    -0.560496    -0.782782    -0.986707     1.941664     1.191240     0.470771     1.334449     1.575026     0.183118
    1.429022     1.923510    -1.032489    -0.521483     0.068297     1.432816     0.438414     1.496204    -0.508467    -0.723191    -0.007542     0.043654
   -0.824903    -3.529226    -1.071072    -0.656093    -0.531274    -0.027386     1.496254     0.261418     0.022722     0.228058     1.264723    -1.269659
   -2.355753     0.413703    -2.082468    -0.026106     1.683950    -0.283297    -2.379701     0.248142    -0.184567     0.867163     0.361493     0.146993
   -0.185634     0.000292    -0.955726    -1.326092     2.158800     1.334655     0.178839     1.217963     0.307672    -0.038563    -1.611614    -0.871962
   -1.275366    -1.281452    -0.230435    -0.120797     0.125300    -1.507488    -3.254143    -0.031312    -1.096223     2.228574    -0.516473     0.568491
   -1.712666    -1.001987    -0.903340    -0.581691     0.238050     1.135337    -2.245232    -1.094759    -0.232269    -2.701738    -2.274939    -1.286384
    1.740033    -1.165042    -1.413045     1.286557     0.725840    -0.015250     1.025504    -1.227397     0.711184    -1.289659    -0.239401    -2.256956
    0.183504     0.493674     0.411671    -0.321947     0.574597    -1.835772     0.663940     1.083175     1.286031     1.160356    -0.947721    -1.907481
    0.015414    -0.524711    -0.054628     1.931875     0.894506    -0.250742    -1.717817    -0.139648    -1.930126     0.073886    -0.214116     0.028374
   -0.693238    -0.252161     0.671033     0.128774    -0.150488     0.468123    -1.232914     0.149440    -0.439673     0.306546    -0.700070     0.603049
   -0.118003    -2.016970     0.315857     2.131013    -0.664816    -1.493377     2.494195     0.163882    -0.694800     1.327946    -0.485479     0.707511
   -0.943619    -2.187795    -0.692184    -0.942991     1.977380     0.366246     1.250952     1.616142     1.500651     0.011978     0.618792     0.854810
    0.422408    -0.382942    -0.039757    -0.910403    -0.122026    -0.761025     1.452922     0.252289    -0.794699    -0.871262    -0.020750     2.693769
   -2.055457     0.909450     0.284178    -0.372702    -1.987632    -0.114270    -0.896352     1.190318     0.851172    -0.408708    -1.085335    -0.518126
    0.472295     0.361999     1.248949     0.092216    -0.248303    -0.581925    -2.229653    -0.073667    -1.314418    -1.122619    -0.098217    -0.189854
    1.142784     2.283362     1.133238     0.314090    -0.473514    -1.692523     0.055482     1.227948    -0.600893     1.503743    -0.382173     1.325086
   -1.104925     1.883765    -1.671728    -1.437702    -1.137286    -1.297645    -2.255483    -1.511984    -3.849102    -0.848396    -1.750967    -1.591986
   -0.198349     2.320647     1.660633    -1.469327     0.276713    -0.902494    -0.607128     1.957646     0.778867     0.084904    -0.209047     0.415959
   -0.426384    -0.849943     0.732549    -0.416255    -0.461249    -0.089290    -0.007298     0.062920     0.230494     0.210021    -2.117796    -0.264263
   -1.330090    -1.160978     2.723928     1.030038    -1.379836    -0.950759    -1.687473    -0.475293     0.635415     0.048657    -1.236808    -0.725527
    0.020771     1.305604    -0.964605    -0.570583     0.987003     0.865279     0.182049     0.560737    -0.058562     1.556157     0.146565     3.413718
    0.077898    -1.336244    -1.151227     1.656963    -0.104673     0.827522    -0.600045    -0.425569     0.545542     2.747179    -2.236794     0.278749
   -0.378690    -0.706566    -0.754718    -1.032165     0.462323    -0.436945    -0.450584     0.493028    -1.429867    -0.716973     0.089014     0.133300
    0.002231    -1.277187    -1.640020    -1.538179    -0.676764    -0.559956    -1.340960     0.281128     0.453607    -1.807175    -1.361633     0.648934
    0.532895    -0.797972    -1.751316    -1.451293    -0.558697    -1.659539    -0.256653    -1.778229    -0.889141    -2.117886     0.754822    -0.100807
   -2.115732    -1.789102    -0.073519    -2.803060    -3.941589    -1.537941    -0.368990    -0.365135     0.090367    -1.062896    -1.344925    -1.441172
   -0.357498    -0.204596    -0.699688    -0.156374    -1.385043    -0.321801    -1.257507    -2.043876    -0.913625    -2.090757    -2.579427    -0.592229
   -0.950779    -1.244714     1.417179     0.133747     0.141345    -0.947982    -2.306620    -1.041027    -0.777731     0.553624     2.085114    -1.758586
   -0.657922     0.289771    -0.860830     0.621398    -0.203770    -0.210920    -0.335103     1.535073     1.963181     1.973015    -0.715548    -0.312283
   -0.183125    -0.592751     0.310775    -0.580391    -1.189322     0.006349     0.767665    -0.025434    -0.953820     1.254073    -0.803462     1.678575
   -1.009164     0.573633     1.473757     0.543403     0.645083     0.262920     0.391850     1.711164     0.694195    -0.473222    -0.255191    -0.731569
   -0.952028     0.318328     0.818588     2.300750     0.400117     1.951336     0.234186    -0.205511    -0.730605    -2.012046     0.608826     0.542932
   -2.479173    -1.196291     0.328793    -0.510576     1.119511     0.591312     0.036936    -1.081969     1.781242     0.053782     1.395914     3.084079
    1.613693    -0.061893     0.943134    -0.683081    -1.298316     1.342449     2.633761    -1.107569     2.210044     1.263262     0.190165     2.095362
    1.187843     1.067801     1.765642     3.099905     0.755396     1.155022     1.499707     1.042241     0.306050     0.373331     0.170917    -0.033110
   -2.064360     1.164127    -0.402692    -0.479626    -2.652274    -1.757962    -1.272083    -0.352723    -1.519672    -0.232690    -0.116135     1.923662
    1.116566     0.471842     2.605244     0.540898    -1.383057    -0.155662     1.589899     0.515317     1.819663    -0.640632    -0.972570     2.388322
    0.205944    -0.894898    -0.163175    -0.644622    -0.767886    -1.419913     1.919045     1.040806     3.335034    -0.595111    -0.801983     0.236674
    0.742337     0.588569     0.641648    -0.407304    -0.816656    -0.098012    -0.104207    -2.945336    -1.078707    -0.841796    -1.286165    -0.129719
    0.052606     0.815679    -0.867837     1.250907    -1.023639    -0.798472    -1.617764    -0.614478     0.307711    -1.337614    -2.634964     0.109776
    0.261523    -0.966954    -1.877913     1.014326     0.663496    -0.693359     1.154841     1.167834     0.458236     0.863531     1.765309     0.009969
   -2.113063     0.009816    -1.082570    -0.684507     0.850711    -0.208062    -2.086203     0.379212    -1.286406    -0.281702     2.622214     2.376105
    0.022360     0.102067     0.695031     1.854944     0.997553     0.410009    -1.454792    -0.378329     1.531660    -0.494638    -1.830823     1.962855
   -0.075065    -1.166042    -0.405066    -1.279787     0.298882    -0.468126    -0.233674    -0.456025     2.002420    -2.247584    -0.341129    -0.925334
    0.273945    -1.337456    -0.150406     1.365730     1.061398     1.392483    -0.345357    -1.780351    -2.573675    -2.118524     0.047825    -0.563884
   -0.278577    -0.551370    -1.712124     0.256081     1.273860    -0.747662     0.456419    -1.474931    -0.816628     0.793606     1.158468     1.573978
    1.593781     1.634045     2.641901     2.526163    -0.581458     1.326584    -0.598586    -1.088258     0.594571     0.313068     2.106724     1.769648
    2.818287     2.130134     2.795771    -3.133789    -0.475399     1.333666    -1.525746    -1.142801    -1.639911    -2.973798    -2.216412     1.132423
    0.660421    -2.141039    -1.557840    -2.695435    -1.696564    -1.939669    -0.086030    -0.778669    -2.233291    -1.207756    -1.013002    -0.740067
   -1.069827     0.525518    -0.319333     0.294469     1.770782     0.110300     0.352522     0.724258     0.778448     0.822947    -0.022225     0.440712
   -2.083613    -1.592667    -0.977308     0.335608     0.186013    -0.848478    -1.518821    -1.002766    -0.660036    -0.144252     0.930072    -0.156877
    1.144563    -0.165437    -1.119434    -0.736583    -0.586075    -1.481349     0.994157    -0.878436    -0.033221     0.155334     2.711380     1.994198
    1.659187     1.661992     0.652251     0.329625     0.640510    -1.444923    -1.046216     1.843679     0.147907     2.908578     1.683437    -1.347059
    1.024746     1.053651     0.976877     0.225318     0.956953     0.588450    -0.217080    -2.367094    -2.678372     0.612487     0.205481    -0.224296
   -0.323964    -1.928556    -1.032134    -1.211297    -3.214903    -2.019672     0.703574     0.022884    -1.732021    -0.206121    -1.388289    -1.180799
    3.083723     2.334032     2.564514     2.379980     0.580205     1.989042     0.788363     0.108952     2.146639     1.583457     2.217875    -0.146001
    0.445969    -1.486765    -0.603981    -1.829381    -0.786627    -1.946325    -2.635525    -1.577204    -0.504380    -2.400943    -0.323025    -1.996246
   -0.738872    -0.700680    -1.337136     0.651239     1.912758     1.206205    -1.274379    -0.072395    -0.175295    -0.507357     0.995189    -0.381506
   -0.298828    -0.570886    -0.610557     0.368419     1.021270    -1.630012    -1.673420    -1.360544    -0.201975     0.178923    -2.173724    -0.840703
   -0.746830    -0.541206    -0.424141    -0.298129    -1.623543     1.131073     1.868304     0.917193    -0.344918    -1.326226    -0.308023    -0.122318
   -0.071878     0.550679     0.490238     0.669528    -2.621660    -1.998000     1.014095     1.074939     1.045758     2.141940    -0.235244    -0.043133
    0.064799    -0.413993    -1.957456     0.003465     0.157787    -1.208321     1.181123    -0.475682    -2.255742     0.644118     1.135607     1.164488
    0.910757    -0.173000     1.463253     0.573024     1.887318     1.546830     0.130467     0.011502     0.248845     0.321508     0.838464     0.191526
    1.197058     0.886508     0.081740     1.091856     2.336778     0.661102    -0.265443     0.582465    -0.126035    -0.212118     0.749275    -0.233112
   -0.048340    -0.226753     0.936228     0.335585     3.277530     1.860739     0.439856     0.987194     1.340722    -0.585413     0.248563    -0.703283
    0.110673     1.753998    -0.083830     0.118626     0.897308     1.571709     0.867335     1.187687     0.733067     1.780398     1.011087    -0.502131
   -0.561075    -2.332087    -0.468029     0.102798     0.812721     1.348197    -1.466873    -1.657673    -2.526877     0.928912    -1.287971    -1.353645
   -2.419831    -2.595842    -1.956786    -0.869391    -0.246675     1.024367     0.902621    -2.929918    -0.031014    -1.552185    -1.577124     0.943550
   -1.649749     0.111493     0.900765     1.252505    -0.898150     1.574425    -1.612863    -1.273418    -2.303966    -0.808290    -2.295281    -0.657939
    0.532692     0.826724    -0.064420     0.380480     0.150942    -1.083850    -1.623494    -0.884953    -0.635618    -0.558386    -1.026779    -1.840673
   -0.217571     3.276730    -0.175229    -0.144981     1.104590    -1.078675     0.958827     1.441927     1.334639     1.208343     0.678996     1.119406
    2.430598     0.597318    -0.775087    -0.563131     1.720758     3.056416     1.322329     2.136720     1.209270     0.224268     1.255605     1.518935
    2.713230     1.890093     0.728721    -0.622080     0.788977    -1.947694     1.228048     0.830566    -0.000925    -0.784497     0.366406    -0.934155
   -2.856775    -1.556888    -0.864893    -0.630992     1.909608     0.001692    -0.867486    -1.693637     0.191629    -0.778211    -1.565464    -0.782050
   -1.381626     0.800847    -1.092626    -1.615754    -1.245758    -1.364371    -0.543194    -0.889866    -0.970879    -1.890770    -0.651918    -2.758104
   -1.403301    -0.245843    -1.457996     0.813502    -0.684261     0.868142     0.961110     1.637805     0.773075     0.736715     0.462454     1.533356
    2.039780     1.020882     1.821843     1.338968    -1.297211     0.781484     1.818958     1.363149     0.448129     1.287070    -2.156449     0.992264
    2.475578     0.563179     0.770654     0.403585     0.786821    -1.220315     1.493387     1.511374    -0.101514    -1.830373    -1.111446     0.321364
   -0.371053    -0.251573     0.617433     1.235733     1.188094     1.761288     0.583324    -0.512254    -0.583924    -0.177538    -1.761712     0.196496
   -0.123841    -1.713763     0.154005    -1.569300    -1.531706    -0.158383    -0.491256     0.536448     0.601770    -0.329882    -0.639645     0.094256
    2.356591    -0.068909     2.336588     1.488529    -0.415535     0.068506     0.037444    -1.442046     0.609624     0.554956     0.638319     1.099376
    0.769934     2.061358     0.891493     1.684659     1.150701    -0.229638     0.815329     0.014846    -0.053498     2.510602     1.674051    -0.415803
   -2.360137    -1.827543    -2.075375    -0.365790     1.530211    -0.513125     1.028625     2.739261     0.602431    -1.673863     0.521516     1.264398
   -1.431634    -1.428103    -0.640051    -2.253156     1.500481    -1.811769    -0.500437     0.596605    -0.176757    -1.736046    -2.391218    -1.037477
   -2.643459     0.307211     0.868249    -0.910951    -2.610558    -0.922486    -0.902444    -0.978703    -0.244065    -1.653780    -2.806580    -1.301518
   -0.146508    -0.566444     1.259624    -0.709541    -0.010458    -1.567063    -1.650639    -3.200106    -0.872848     0.083780    -1.268462    -2.444137
   -1.064642    -2.564822    -1.688081    -1.941929    -1.529017    -1.232790     3.619554     0.014326    -0.482176     0.160594     0.387473    -1.241739
   -1.858519    -0.904194    -2.491520     0.450218     0.375224    -1.153504    -1.313367    -0.418603    -2.450613     2.202573     0.770763    -0.791201
    1.712148    -0.026512     1.371048    -1.269030    -0.741941     0.659810    -1.417114     0.090180     1.272825    -0.890563     0.750899     0.845481
    0.233258    -0.463244    -0.836131     1.161269     0.209101    -0.718379     1.599715     1.933860     0.094676     2.077537     1.268299    -1.743450
   -0.157054     1.842681     1.324843     0.933753     0.848822     0.766835    -0.161029     2.113676     2.325280     1.025981     1.844454     0.462175
    0.589611    -1.077018     0.531788    -0.010647     1.939143     1.006192     0.440435     0.098978    -0.939654     1.757795     0.983877     0.126256
    0.296080    -0.140448    -0.326794     0.744878     1.915066    -0.387427     1.645976     2.829732     1.006141    -0.912137     1.014595    -1.990463
   -1.684634    -2.056366    -1.892589     0.034310     0.808403    -1.578446    -2.137202    -1.160346    -2.358136    -2.857757    -1.706871    -0.688973
    1.258743    -0.679283    -1.408744     2.350597     0.615068    -0.479316     3.798689     0.389109     1.727743     2.566714    -0.404327    -0.084998
    0.045656    -1.295473    -0.925503    -0.917076    -0.243176     1.437285     1.752077     0.240485     1.796964    -0.454676    -1.919417     0.548102
   -0.340270    -0.766402    -1.929819    -0.756201    -0.802775     0.455942    -0.172669    -0.456844    -1.774551    -2.680915     0.459516     0.603188
    0.122189    -0.105461     1.740107    -0.045126    -1.035567    -1.069853    -2.322122    -0.400425     0.854602     2.255033    -0.136410    -1.685940
   -1.037231    -1.119023    -1.686463    -0.811049    -0.171231     0.715573    -1.101903     0.326688    -0.538456     0.316923    -0.508543    -0.782065
   -0.535163     1.031468    -0.185661    -0.410277    -0.628784     0.559738     0.069309     1.404220     0.973329     1.101488    -0.656767     2.861839
   -1.243492    -1.063341    -0.463815     0.570264    -0.873023     1.297477     1.665546    -0.201409     0.854501     1.641360     1.379629     2.357822
    0.550765    -0.056443    -1.418019     1.311667     0.915107    -0.553688     2.951230     2.645924     0.419606     2.440724     0.765943    -2.106254
   -0.912720    -1.233216    -0.145694     0.650287     0.557955    -1.245994    -1.391783    -1.205325    -0.025850    -1.313827    -0.554658    -0.932419
    1.373789    -0.416306     1.750210     1.419831     1.480958     0.449311    -0.358782    -1.301890     0.150686    -0.821520     1.402012    -0.962017
   -0.631754    -1.226692    -0.124200     1.000422     0.770665     0.754088     0.165904    -0.438817     0.676404     1.018942    -1.373895     1.341719
   -0.872398     1.453719     1.669323     0.311805     0.702551     0.061080    -0.811037     0.268533     0.627028     1.597603     2.709947     1.318277
   -1.365199    -0.452718    -0.904485     0.788877    -0.279917     0.795354    -1.013712    -1.194939    -0.552552     1.663248    -0.012380     1.562684
   -1.439035    -0.505608    -2.441269    -2.623278    -1.483769    -1.786322    -3.116884    -0.369397    -1.157745    -0.435740    -1.080064    -1.444946
    1.406084     0.932238     1.876424    -0.206499     0.273930    -0.052734     2.429063     0.682714     0.782763     0.145218     1.024826     1.068349
    0.278596    -0.726020     0.642627    -0.231441    -0.834131    -1.580600     0.428080     0.631825     1.985347    -0.506766    -1.027845     0.027921
    2.391443     2.906263     0.089585     2.281602     0.745995     0.710746     2.132426    -0.283029    -0.525677     0.965508     0.042380    -0.581726
    0.537340     0.537147     0.828709     0.028232    -0.585872     1.153254    -0.471732    -0.147861     0.095925    -1.831385    -2.673657     0.876595
   -1.773332    -0.123305    -1.247059     1.197102    -0.231391    -2.449326    -0.429183     0.244585     0.431961     0.934695    -0.555793    -0.958868
    1.091562     0.376056     0.586742     0.924974    -0.000844    -2.551550     0.375116    -0.288838    -0.666209     0.405734     0.880825    -1.825916
    0.082844     0.743350     0.904393     0.359126    -0.193775     2.233702    -0.482849    -0.393828     0.417988     0.902423     0.973293     0.163147
   -0.066624     0.118541     1.086995     2.040065     2.074051    -0.655398     0.472664    -1.498521    -1.012853     0.946430     1.007773    -0.023989
    0.886698     1.518621     0.335343     1.213367     0.872967     2.645164     0.771248    -0.578783     0.663167    -1.812646    -0.978408    -0.753994
    0.894327     2.521298    -1.956176     0.019222    -0.049607     1.759370     1.445810     0.385884     0.034480    -3.183740    -2.647256    -1.236336
   -0.231098     0.132230     0.424011     2.390352     0.810433     1.333680     0.135447     0.144224     0.893868     2.353298     1.412728     0.442773
    0.041237    -1.450903     0.025673    -1.259236    -1.778247     0.845811     0.154055    -0.256611     1.252437    -0.668859    -0.806859     0.716219
    0.360185    -1.028555    -0.258597     1.798488    -0.370333    -0.929466     1.575922     1.012974     1.653271     1.930850    -0.719057     0.656364
    0.493075    -0.334408    -1.775303     0.563389     1.694793     1.551729    -0.239000    -0.501509    -0.346196    -0.908213    -2.118758    -0.528423
    0.583835     0.395333     0.223404     0.127404     0.599381    -0.370255     0.881197    -2.741185    -0.765483     1.267479     0.297326     0.655554
   -0.036367     1.024481     1.895655     1.801371     2.169476     2.464007     0.147307     0.442374     0.364589    -1.586799     1.382700     1.807821
    0.398465    -1.828092    -2.720209    -1.105583     1.236012     2.064011     0.204450    -1.004728    -1.206061     0.245740     2.633959     0.132496
   -0.669700     0.172458     0.956186    -0.535638    -1.998844    -1.330280    -1.177757    -0.139096     0.623921    -0.397276     0.379394     1.245301
    0.543224     0.105351    -1.394849    -0.293369    -0.438150     0.139715    -0.555509     1.093686    -0.419740    -0.946060    -0.322917     1.863738
    0.792700     0.036155     1.898190     0.159858    -2.055281    -0.412792    -0.675306    -2.238348    -0.527080    -0.896225    -1.026023     0.296028
   -0.593886    -0.772731     0.387372     2.055741     1.875451    -1.017078     0.144604    -0.897325     0.492791    -0.783854    -1.893467    -2.085320
    0.939571     0.761638     2.678362     0.376782     0.450686     1.071788    -1.533295     0.514983     0.730930     0.481506    -0.374563    -1.343648
   -0.886370    -1.232334    -1.528025    -0.524129     0.614143     1.390041    -0.570289    -0.932220     0.500010     0.372653    -0.008214     0.125112
   -0.207359     0.834144    -1.149713    -0.362516     1.058616     1.447249     0.479600     1.408730    -2.366208     0.115460     0.283405     1.563689
   -0.705580    -0.043459    -0.267008    -0.298287     1.556824     0.035061    -1.060870    -0.621516     1.058512    -1.144296    -2.169304    -0.294877
   -2.453324    -2.983274    -0.593277     1.074468     1.447072     0.798728    -2.512087    -1.048963     0.282966    -0.275240    -1.618047    -0.723323
    1.805625     1.251758     1.050950     0.542699    -0.024727     0.561850    -0.120496     2.539872     1.452953    -0.057751     1.270127     1.108313
   -1.966375    -0.584048    -2.123890     1.543691     0.370484    -0.048026    -0.725830    -2.422274    -1.941506     1.196572     0.794409    -0.884811
   -1.099934     0.068145     1.024260     1.998500     0.358700     0.819159     1.425105    -0.109506     1.249287     1.444443     1.294306     1.335385
    0.849896     3.672584     1.690843     3.582951     1.187984     1.093836     1.094015     1.975421     1.011030     0.383251    -0.230012     1.161861
   -1.640065     0.333303     0.819871     0.110022    -0.261050     3.579647    -1.803226    -2.333232    -1.548799     0.910127    -0.304337     1.539742
   -0.620344     1.182935     0.264763    -1.507553    -1.062008    -2.965364    -2.585352    -0.388638     0.071826    -0.936377    -0.490795    -0.568050
    1.215561     0.180755     0.205650     1.350711     1.829798     3.368311     1.516650     2.727934     1.964615    -0.279420     2.150976     1.606065
    0.185176     0.653913     0.578170     0.511392    -0.138839     0.115145    -0.984628    -1.209067    -0.692007     0.691969    -1.008063    -0.079944
    0.740238     0.350027     0.365711     0.097844    -0.029863     0.517608     0.640213     1.033412     1.725489     0.368758    -0.279952    -0.621258
   -0.247781    -2.145689    -1.706510    -1.114210    -0.778678    -0.212750    -0.003570    -0.201243    -2.751171    -2.319935     0.088815     1.119782
    1.028178     0.821335    -2.161425     1.409737     1.050545     4.017855     0.199534     1.175612    -0.772448     0.662665     0.372462     0.835868
    0.224238     0.819420    -1.355095    -1.413161    -2.139234    -1.053801     1.648495     2.537759     1.858038     0.261681    -0.359592     0.385042
   -0.929749     0.038238    -1.086981    -1.055034    -0.477952    -2.484121    -0.640868    -2.641593    -1.115935    -0.044645     1.324292    -0.914914
    0.422945     1.308017     0.832375    -0.364372     0.059006     0.379917     0.762475    -0.993864     0.719829     0.520774     2.775324     1.943456
   -0.726135    -1.071181    -0.017758     0.392778     0.227601    -0.370705    -3.321922    -3.557903    -2.987853     0.418555     0.070071    -0.720420
   -0.427347    -0.044829     0.566461    -0.002036    -1.049277     0.896499    -0.209975     0.661976    -1.257876     0.524296    -0.219316     0.841578
   -0.533723    -0.416597    -0.567207    -0.609346    -0.748679     0.573500     0.707131     1.421160     1.747222     0.531493     0.710192     1.735389
   -0.077091    -0.559580     0.090390     0.700954     0.828434     0.980156     2.141168    -0.331346    -0.040567     1.490279     1.604603     0.768245
    1.046130     2.073418     1.181377     0.456501     0.570435    -0.597096     0.218568     0.838541     0.058510     0.820259     2.126185    -0.416934
   -0.291569    -0.518409    -0.393559     0.570857    -0.811528     0.959668    -1.054964    -0.093722     0.419866    -0.938959    -0.051641     0.755891
   -0.662742    -0.952967    -0.224970    -0.402775     0.181455    -1.215842     1.203561     1.034972     1.233745     0.113545     0.896404    -0.177360
    0.086015    -0.441648    -0.840103    -1.065133    -0.134118    -1.347914     0.763584    -1.518535    -1.970385    -0.537611    -0.257253     0.175825
    2.225680     3.093609    -0.888123     0.335694    -0.500146    -0.383742     0.837966     1.241347    -0.985534    -1.210135    -0.328188    -1.137758
   -0.502553    -0.569348    -2.615761    -0.991913    -1.094443    -0.866631    -1.355525    -0.872012    -1.346037     2.514362     1.983875     2.424202
    0.933164    -0.549742    -0.917758    -1.185186     1.020753    -2.221620     0.949695    -0.095128    -0.983257    -0.581944     0.602327     1.205790
   -0.188345    -2.798146    -1.156699     0.943518    -1.244989    -1.077646    -0.847912    -1.506852    -2.678142    -2.005897    -3.337065    -1.948180
    2.519341     3.178628     1.286752     1.147178     0.528408     2.807402     0.558240     1.987902     1.338613     0.721037     0.483761     0.677655
   -0.564747     0.457182     1.778649    -0.421213    -0.322480     0.272721    -0.869876    -0.303405     0.806763     0.533857     0.340615     0.223502
    0.451390    -0.830975     1.137329     1.077366    -0.245496    -0.057672     0.463028     0.103645    -0.288558     1.693376     2.685399     0.382920
    1.187244     1.704606     1.603781     1.099578     1.803340     2.349576     3.125239    -0.230441     1.742933     1.402776     1.091705     0.837041
   -0.110735    -2.421194    -1.538436     0.332505     1.999341    -0.329928    -2.109372    -0.228220    -1.241926    -0.872050     1.017397     0.926668
   -0.625920    -2.324501     2.256656    -0.006338    -0.451068    -0.032008     0.069945    -1.441463    -0.348249    -2.594267    -0.560914    -0.400170
    1.092129     0.617869    -0.420389    -0.423523    -0.567948    -0.291148    -0.618373    -1.139113     0.127817    -0.072396    -1.467050     0.966258
    0.134630    -0.131839    -2.390581    -0.835768     0.127242     0.254280     0.555434     0.036215    -1.548538    -0.922872     0.507859    -1.821477
   -0.708380    -0.149258    -1.843462    -0.159985    -0.234541    -2.565686     1.967382    -1.222317     0.390574     1.813408     2.961363     2.636300
   -1.430375     0.845522    -0.636324     1.821542    -0.996523    -1.758350     0.684852     2.348153    -0.852222     1.331904     0.019434     1.040586
   -1.462390    -0.532987    -0.620289    -0.095370     0.978409     0.247475    -2.958520     0.290692    -0.890497    -1.003074    -1.033493    -1.041410
    2.454315     1.108915    -0.102362     0.429240    -0.833069    -2.147540     0.136361    -1.580419     1.590579     0.318658    -2.199468    -2.474950
    1.185541    -1.616740     1.177182    -2.761224     1.713573    -0.437507     0.884416    -0.479561    -0.673118    -0.137193     0.251917    -0.583308
   -0.662885    -0.616801    -0.420405    -0.555784    -1.500590    -1.424226    -0.579064     0.053155     1.317342     1.060149     0.669771     0.767523
    1.246428    -1.048349    -1.522336     0.579887    -0.025278    -1.274876     0.850959    -1.146680    -1.081508    -1.254333     0.335430    -0.942752
   -0.103397     0.757817    -0.974205    -1.173674     2.225317    -0.340379    -0.333314    -1.012442    -1.402043    -2.303911     1.511125     0.120481
   -2.000181    -3.174115    -0.832768    -1.148278     0.078719     0.529331    -1.177603     0.797338    -0.434761    -1.749807    -0.072770    -1.651518
   -0.871380     0.110471     1.539923     0.581660    -0.198348    -0.160735    -0.929702     1.401550     1.472187     2.540996     1.049418     0.591389
   -0.499850    -0.719469    -1.874357     0.673296     0.147851     1.220784     0.661838     0.643714    -0.341974    -1.553581     0.226409    -0.614998
    0.774475     2.094083     0.477872    -0.286308    -0.092750     2.118237     0.381747     2.375081    -0.378715     0.580515    -0.629336    -0.443292
   -0.598726     2.879739     0.851957     0.507624    -0.125740     1.941314    -0.447499    -0.317486    -0.400120    -2.517909    -0.971344    -0.711564
   -2.516182    -1.884133    -0.357648     1.229168     0.643184    -0.111384    -0.755180    -0.174488     0.586662    -1.535651    -1.653141    -0.626142
    0.644051     1.044564     1.252118     2.132426    -1.628705     0.611767     3.008970     2.449177     0.418899     2.590644     1.287878     2.015308
   -0.634873     0.360416    -0.239559    -2.367563    -2.383162    -2.156354     1.476833    -0.821538    -0.602143    -0.467892    -0.296029    -1.722719
   -1.444123    -0.989582    -2.302921     0.380996     0.295844    -1.089721    -1.095268    -1.227294    -0.503565    -0.471407    -0.619560    -0.722760
   -0.026894    -0.828353     0.085776    -0.035221     0.834896    -0.895268     1.650240     1.552387     2.140804    -0.532534     0.574353    -0.577989
   -0.878994     0.761604     0.890843     2.774737     2.141165    -0.400008    -0.504567    -0.065985    -0.981228     0.659290     0.724481     1.322315
   -0.689431    -0.743292    -0.541248    -2.146669    -0.425409     0.260585    -1.623246    -1.144785    -1.569567     0.834643     0.524499     1.563298
    1.118447     0.105520    -0.512644     0.253259     2.197589     2.129115     1.684157    -0.873427    -1.643631     0.249893     0.715511    -2.009222
   -0.208374     0.084322    -0.873331    -1.925242     0.765433     0.561233     1.114436     0.158284     1.327480    -2.415619    -0.569456    -1.672063
    0.588456    -0.752827    -0.485723    -2.253500    -0.850663     0.692011     0.628741    -0.028116     0.250890    -0.579495     0.331095     0.873032
   -0.827850    -0.897865    -1.142674    -0.443289    -0.153298    -0.740915     2.268694    -0.349171    -0.119223     0.244913     1.768005    -0.710993
    0.018224     0.516493     0.985994    -2.248609     0.204616    -0.529319    -0.152364     0.174804    -0.057728     1.237811     0.279369     2.158322
   -0.843338    -0.906647    -0.811864    -1.068691    -0.342583    -0.868100     1.146163     1.129356    -1.669404    -1.872483    -1.466166    -1.764701
   -0.241541     1.833705    -1.526121     1.450804     2.177872     3.058419    -0.578295     0.097193    -1.924311     0.742180     0.283127     0.429452
    1.861207     2.465623     0.894401     0.162955    -0.112424    -1.211899     2.044837     2.807173    -0.545066     1.257099     2.534718     0.483961
    0.567030     0.580316    -1.086403     0.048270     0.873297     1.130700    -2.078498     0.918558    -0.884241     0.868957     0.256068     1.452198
    1.295774    -0.733517     0.272650    -0.869307    -1.878279    -1.055410     0.694519     1.481399    -0.484968     0.013930     0.218013     0.122596
   -0.213500     0.397648    -0.365793    -2.692112    -1.547160    -2.350310    -0.072253    -0.639926     0.034583     0.554775     2.228769    -1.319788
    1.213405     1.403691     1.375411     1.780722     2.410955    -0.359378    -0.504026    -0.938354     0.997406     0.162781     0.553216     0.294461
    0.806088     0.404133    -0.797477     0.895368     3.050165     1.954129     0.927988    -0.817243    -0.219516     2.778063     0.422933     0.717158
    1.567700     2.981322     0.934070     0.024466    -0.045457     3.387801    -2.262596    -0.724988     0.356875    -0.052678    -0.949691     0.938472
   -0.472058    -0.604908    -1.767050     1.117859     0.109360     0.074748    -0.366028     0.034536     0.697650     0.762397     0.900272    -0.089964
    1.884377     2.218355     1.387926    -0.141303     0.387130    -0.352464     1.365555     3.342081     1.326677     0.723309     1.457386    -0.548341
    0.064365     2.435957    -0.755042     1.722123     0.978736    -0.286871     0.595104    -0.419741    -0.988476    -2.184123    -0.684200    -0.525253
   -1.632681    -0.802517    -1.089985    -0.519771    -2.608058    -0.533536    -0.847949    -0.601056    -0.766384    -1.638673    -2.371842    -1.229061
   -1.110726     0.359724    -0.120725    -2.218473     2.304545    -0.583259    -0.190546    -1.396532     1.077385     0.493404     0.866291     0.197712
   -0.596342     1.136926     1.233235    -0.875195     0.624162    -0.736474    -0.673528     0.672686    -0.048082     0.152608     0.355258     0.763987
   -0.150696    -1.060445    -0.758209    -1.436441    -2.182653    -0.341034    -0.038311    -1.699921     0.778624     0.223154     0.169055     1.739502
   -0.592286     1.000582     1.310749     1.161539    -1.604184     0.916486     0.527462     0.671109     0.895694    -0.022574    -1.711303     0.077055
    0.014588    -0.005842    -2.146187     1.319569     0.406425     3.895592     1.887097     2.310655     0.981464    -1.292007     0.665710     0.741213
   -1.073378     1.262660    -1.031837    -0.302623     0.294603     0.454753    -1.494268    -0.266614    -0.502088    -1.025252    -1.630208    -1.368908
    1.447344     1.108065    -0.690267     0.351054     0.384842     0.573677     1.755382     1.848147     1.719003    -0.608240     1.568299     1.442218
    0.338787    -2.846161     1.313920     0.689506    -3.541581     0.577257    -0.109540    -0.481308    -1.382854     0.278631    -0.784460    -1.239861
    1.409661    -1.273030     1.620308    -1.098456     1.044078     2.026298     0.547450     0.119942     2.189742    -1.728459    -0.984676    -0.093598
   -1.017200    -0.124288    -1.398706     1.969422     0.002337     0.388251    -0.416457     0.261137    -0.035295    -1.944785    -1.582741    -3.792936
   -1.417826    -1.043435     0.928335    -0.854847    -0.751865    -1.560894    -0.303798    -0.833494     0.737281     0.392033     0.443030    -0.107430
   -1.244816     1.178049     2.240514     1.366393     1.365230     1.090952     0.201055     1.294510    -0.823074    -0.563891     0.127824     0.131707
    0.270530    -1.779987    -0.587257     0.086016     1.478976    -0.840357    -1.224129    -1.036827    -1.295003     2.071510     0.676786    -0.256840
   -0.646216     1.488552     0.224052     1.206875     0.023285    -2.251117    -0.910142     0.894877     1.670127    -0.383275     0.134757    -0.986070
   -1.515010    -2.572920    -0.858112    -1.475201    -0.640871    -2.582117    -0.781486    -1.687040    -3.331007     0.676869     0.382920    -1.395682
   -1.069306    -1.116288     0.060954     1.689815     1.938563     2.092702    -0.624990    -0.018591    -0.391703    -0.924434     1.799467     1.877453
    0.687247     0.276502     1.849607     2.437412     2.606127     2.052642    -0.602978     1.645453     0.647196     1.682214     0.003719     2.689483
    1.016836     0.923821     1.020064     1.270665    -0.532323     2.091791    -1.041618     0.333572     0.153147    -1.953162    -1.250651     1.538224
   -1.858061    -0.017259     0.020467    -1.137134    -0.572336     1.351312    -0.663732     0.145934     1.506106    -0.269138    -1.879027    -0.953751
   -1.274989    -1.312772     2.399564     0.759113    -1.510779    -0.182525    -2.106753    -0.795276     0.638220    -1.092351    -1.518715    -2.404344
    0.904172     0.609051     0.591192     1.045548     0.769800     1.836643     0.004158    -0.421942    -0.037017     1.428612    -0.335800    -0.557978
    1.785281     0.837813     0.344900    -1.406168    -1.791805    -1.741573     0.104155    -1.532538    -2.214241    -1.036622     0.461617    -0.235391
   -0.748786    -1.599853     0.751709     1.686075     0.808151     1.312378     0.671182     0.861408    -0.189162     1.304666     1.135913     1.991799
    1.118693     0.607007     1.150681     0.401944    -0.547385     2.603693     1.813115    -0.745581     1.932649     1.917033     0.392358     2.642068
    0.134851     0.328112     0.559908    -0.579665    -1.150658     0.070664     1.677538     1.224597     1.812228    -2.979417    -0.514390    -0.623455
   -0.796790    -1.930383    -1.390862     0.638032    -2.039492    -1.572111    -1.679747    -1.491841    -1.661962    -1.202344    -1.813447    -1.619157
   -0.926221    -0.335603    -0.057794     0.017162     0.300992    -0.750298    -0.487520    -0.153890     0.027885     1.134364     1.248235    -0.912934
   -0.888869    -0.396433     0.072667    -0.433397    -1.331729    -0.470245    -2.410755    -1.046634    -1.543124     1.976234     0.097868    -1.595162
    1.166144     0.553087     0.973862     1.236974     1.263542    -1.448830    -1.156678    -0.402316    -1.028630     0.686980    -2.266304    -2.141751
    2.109771     0.243945     0.777710     1.164402    -1.211938    -1.487484    -1.420236    -1.789902    -0.375068    -1.373174    -2.155881    -2.484658
    0.708821     0.835885     0.397635     0.667303     0.302240     0.777515     0.009850     0.273650    -0.687684    -1.131948    -0.436777     0.980944
   -1.645308    -0.514366    -0.595882    -3.073259    -0.822309    -2.164334     0.958487    -0.184732     0.348280    -0.689708    -1.701662    -1.865618
    1.645515     0.262942     2.168882     1.550844     0.028612     0.320890     0.657687     0.171699    -0.028758    -0.630270     1.685566    -1.185075
   -0.796745    -1.017144    -2.536375    -0.573123    -0.827263    -2.631123     1.292159    -0.811435     0.018612     1.080647    -0.133922    -2.285884
    1.028070     0.919628     2.289515     2.387564     1.548917     2.619943    -0.505997     1.817508     1.155403    -0.835630    -0.266074    -1.611214
    0.594559     2.982022    -0.527200    -1.960974     0.344909    -1.479844    -0.597092     1.020830    -0.626890    -0.504738     0.268224     0.586180
    1.976044     0.052308    -0.521987    -0.442089    -0.425613     1.202446    -0.433416     0.937110    -0.173392    -1.033525    -1.287049    -0.393522
    1.262348     1.000795    -1.757550     1.290702     2.589362     1.263021    -1.045939     0.597087    -0.469238     0.295775     2.413093     1.604279
    0.322193     0.505527    -0.563663     1.052802    -2.101959     0.246518    -0.650810     1.200118     0.295658     0.713119     0.349730     1.098874
   -1.485295     1.497782    -0.134939     0.641941    -0.488696    -1.086068    -1.338884    -0.134382    -0.747739     1.493629     1.233457    -1.070488
    0.468627     2.277661     0.141596     1.217278    -0.160170    -0.013713    -0.433159     0.057039    -0.925811     0.206960     1.234861     1.170849
    1.602455     1.019924     2.255646    -0.150000     0.590682    -0.708551    -0.455541     0.447482     1.528638    -1.145184    -0.417945     0.059487
   -1.833170    -0.792536    -0.323899     3.195614     0.718696     0.954241     1.120301     1.769537     1.285197     1.185380     0.558903     1.882995
    0.357059    -0.901795    -0.622675     1.016755     0.908409     3.086169    -2.049152    -2.635523    -1.162238    -2.151607     0.556409     0.948008
    1.422737     2.372476    -0.163926     3.981726     2.273353     2.253657    -0.163363     0.681564     0.671337     1.626005    -1.312357     0.474835
    1.532459     0.051269    -1.859369     0.153271     1.057236     0.912562    -0.751556    -2.483569    -1.440678    -1.648300    -0.886410    -0.201733
    0.222259     1.064750     2.905721     1.503448     0.256201    -0.187615     0.847820     0.471080     0.672735    -0.595007    -0.187447    -0.146025
    3.076068     2.031487     0.314714     0.257927    -0.344020    -0.069091     1.408838     3.053686    -0.172531    -1.810834    -1.622120    -1.253520
   -2.418264    -0.726131    -0.922516    -1.385578     1.191259     1.756067     0.735111     0.832170     0.103143    -1.001356     2.119883     1.766581
   -0.413753    -1.538224    -2.104512     1.522337    -0.332727     1.397837    -1.694887     0.176427     0.991228     0.894470     2.728164     1.579409
    0.647469     0.234968     0.771790    -0.218277    -0.438311    -0.122796     1.051305     0.655153     1.280230     0.782809     1.689039    -0.642857
    1.025404     0.822487     0.538322    -0.491362     1.693508    -0.573502     0.628451     0.608203    -2.346296    -0.632924     1.417651    -0.167014
    1.625106    -1.743273    -2.304261     2.696314     0.929837     1.956481     0.046725     0.674781    -1.716707     2.755347     2.706921     0.648643
   -1.780208     1.833183     1.048226    -0.281901     0.112967    -0.303808    -0.869443    -1.242218     0.895742    -1.640273     0.690199    -0.789185
   -2.399637    -0.999155    -1.711089    -0.090612     0.255279    -1.034687    -1.164242     0.504743    -1.158554     0.818976     0.272065    -1.091442
    0.543748     0.821021    -0.958135    -2.172673    -2.220856    -1.345932     1.651211     1.398265     2.787104     0.417879     1.294463    -0.418051
    0.294544     0.128797     1.991282     2.895556    -0.311415    -0.243486     1.278862    -0.170635     0.877455     2.502414    -0.267140    -0.091107
    1.763538     1.289437     3.169252     2.919420     2.110461     2.301092     0.096069    -0.286151     1.552074    -0.092378     0.276473     1.959257
   -0.173424     0.863770    -0.196639     0.698250     0.200587    -1.807853     0.184822    -0.479670    -0.510676    -0.034926     0.780508    -1.913162
    2.286336     0.956344     0.261881     1.796661     0.657802     0.713913     1.815824     1.724167     2.488438     1.054163     0.688606     1.786531
    1.938814     0.478719    -0.176324     1.915221     1.313340    -0.403465     1.802897     0.663340     0.966218     1.733341     3.172171     1.890384
    2.695392     0.854835    -0.053614    -1.615476     1.129158     0.270745    -1.026326    -4.007075     0.167340    -1.366598     0.144062    -0.738116
   -0.151672     0.218103     0.825160    -0.324216     0.513017     0.529406    -2.388456    -2.871058    -0.827537    -0.614960     0.635689     0.880959
    1.151809     0.012117     0.603200     2.698838     2.189015     1.674027     2.039770     1.324790     0.550772    -0.105500     1.470533     1.091170
   -0.349764     1.500806     2.615884     1.119549    -0.280514    -1.151363    -1.938429    -0.520848    -1.352635    -0.458781    -1.281943    -2.242213
    0.171832     0.025004    -0.959709     1.775555     1.266720     0.411915     0.076257     0.050387    -1.392540    -1.231417     0.635536    -0.704608
   -3.213245    -0.567601    -1.299396     0.625309     1.044909    -0.203207     0.235845     0.066487     1.341107    -3.919439    -0.638583    -0.895497
   -1.327561     1.435584     1.877014     1.414708    -0.617435     1.590921     0.008344     1.555769     0.970470     1.221256     1.921406     1.387193
    1.680653     0.371228     3.866713    -0.317318     0.678886     0.945769     1.553093     1.140406     3.103523     0.951923     2.081793     0.820187
   -0.310091    -2.636049    -2.373712    -1.063365    -0.989684     0.548490    -0.156147     0.600930    -0.034643     1.541516     1.020592    -0.630852
    0.923196     1.094169     0.329060     0.281103    -1.624311    -0.652174     1.974526     0.759325     2.310148     0.990668    -0.029858     2.082573
    0.797192    -0.211498     0.747262    -0.580498    -0.310190     0.698053    -0.981598     0.673039    -0.795217     3.127877     0.996609     2.103648
    1.766858     0.391083    -0.364767    -0.960794     0.480401    -0.991888     1.323959     1.555675    -0.046656     0.876013    -0.291032     0.854696
    0.754980     1.571982     0.658189     0.368286     1.183747    -0.033402     1.575166     1.016107     1.025335    -1.534127    -0.161268    -1.243478
   -0.611978     1.050758     1.307401    -0.255454    -0.930122    -0.626831     0.471909     0.105694    -1.327327    -1.633813    -1.088979    -1.415680
   -1.241633    -2.978090    -0.877206    -1.742630    -0.974244     0.935169    -2.947733    -1.118705     0.617148    -0.345689    -1.746964    -0.370499
   -3.696857    -1.117924    -0.900133     0.981792    -1.307684     0.335787     0.305630     0.168651     0.417277     1.419861    -0.048502    -0.352237
   -0.457637    -1.430938    -0.872288    -2.368102    -0.278086    -0.793772    -1.743193    -2.570048    -2.059754    -1.118189    -0.361393    -0.132812
    0.243138    -0.699798    -0.222253    -1.667482    -0.885396    -0.695088    -0.036772     0.266527    -1.495043     0.897033    -0.174507    -0.569977
    1.054819     0.401427    -0.945771    -0.117458    -0.565495    -1.594716    -0.628320     1.266886     0.843267     0.884672     0.915420     0.344392
    0.396203    -0.140702    -0.054593    -1.012764    -1.213687    -1.658577    -1.561376    -0.617538    -0.103696    -0.871152    -0.146662    -0.093668
    0.089123     1.165091     2.990819    -0.154790     0.892568    -0.268214    -2.036322    -1.808838    -0.292949    -2.653525    -1.759590    -2.447039
   -1.027796    -2.072802     2.104822     0.783655    -0.456163    -1.180014     0.707173     0.496113     1.515095    -1.274962    -1.052958    -2.307458
    0.723816    -0.999715    -0.381934     0.492305     1.421373    -0.847205     0.527600    -0.930306    -0.361331    -0.502732     1.156131    -0.444488
   -3.553193    -1.489269     0.326586    -1.213476    -0.306603     1.501869    -2.786044    -0.734787    -2.286602    -1.711291    -0.739643    -0.616263
   -0.025143    -1.406208    -2.686463    -1.769472     0.950451     0.120928     2.040481    -0.917024     0.192109     1.046775     1.894143    -1.249131
    0.978300     1.161413    -1.526925    -0.658219     0.926830    -0.098778     1.254328     1.649608     1.039418    -2.229307     0.672846     1.483501
    3.088138     0.186947     1.604233     1.590839     5.329708     2.657835     0.814840     0.084304    -0.150286    -0.408715     2.599168     0.034084
    0.114752    -0.743318     1.564822    -0.387337    -1.408792    -2.302489    -0.061574    -0.336318     0.065553    -2.004999    -0.635964    -0.025998
   -0.479297     0.568713     0.703660    -0.627881    -1.364284     0.455625     0.035650     0.364222    -0.101731    -0.515611    -1.174695     0.004180
    0.105186     2.103706     0.007568    -0.475782     1.980561     2.071883     1.168422     1.503373     0.703652     0.926267     0.757888     0.042252
   -0.929422     1.123566    -0.556891     3.077516     1.050474     1.704314    -1.693100    -1.849384    -0.285446    -0.908444     0.552902    -0.290772
   -2.036960    -0.224852    -1.170653     1.112477     0.285957     1.581921    -1.925625    -0.950472    -0.621655     2.257862     1.330997    -0.772214
   -0.343059    -1.593877    -1.841738     2.173912     1.447453     0.479770     0.952448     0.956761    -0.128151     3.026789     1.949200     2.117533
    0.087401     0.826044    -0.653378     1.938600    -0.408009    -0.656893    -1.087606     1.298156     1.557548     1.548136    -1.827794    -2.031603
   -0.021731     1.345116     0.946911     1.544824    -0.850243    -0.682694    -0.066286    -1.228451    -1.328972     1.794993     0.276245     0.049809
    0.535942    -0.544166    -0.378031    -3.025174    -2.917564    -0.555591     1.437034    -2.171590     0.275692    -0.904945    -0.480382    -0.241469
   -1.896789     0.221832    -0.186925    -0.488615    -0.344771    -0.113596    -1.006826    -1.055046    -0.260754     1.355843    -0.279598     0.309065
   -0.713340     1.055415     1.783993    -0.163529     0.303370     1.295003     0.433230     2.712501     0.190600     0.058878     0.202117     0.381270
    0.967481     1.423765    -0.604002    -0.343822     1.091035    -0.397461    -1.483013    -0.759648    -1.405970     0.011807     0.390683     1.212827
   -0.703233    -1.115413    -1.023076    -1.042857     1.082328    -1.104157     1.892818    -0.751308     0.757395     0.536783    -0.699620    -0.108033
    1.419394     0.280979     0.124929    -0.579875     0.330421    -0.450607     0.162140     0.497299     0.820202     3.101534     2.947124     2.099859
    0.872561    -0.947429    -0.080068    -0.434210    -0.239180    -0.031433     0.203186    -0.982231     0.462559    -0.917436    -0.066274     0.910675
    0.766937     1.428346     0.285552     2.572681    -1.340323     1.076635    -0.469084     0.319477    -0.220978     0.971493    -0.721458    -2.727819
    0.269852     0.499506    -0.211227     0.218393    -0.042876    -0.474362    -0.155335     0.493973    -0.579824    -0.268426    -1.420873    -0.789455
    2.426691     0.059985    -1.844336     0.933596     1.366802    -1.714223     0.974357    -0.083060    -1.738619    -1.206409    -2.353308    -0.075958
    0.888548     0.199336    -0.484715     0.098082     1.274011     0.989201     0.548786     0.575531     1.558841     0.921150     2.280687     0.583063
    0.037395    -0.054923    -0.404675     1.281822     0.371119    -0.124599     2.158871     1.770338     1.600875     0.439576     0.911254     0.614815
   -1.282958    -1.447706    -0.531729     1.478066     1.236160     1.106554    -0.437925     0.366011    -0.864408     1.300696     2.318425    -0.339154
    0.224213    -1.527228     0.770816    -0.975388    -1.215428    -2.378932     2.254212     0.178411     1.164297    -0.334854    -1.369108    -1.431818
    0.817832     0.557879     1.019593    -0.239664     0.320950     1.436755     0.345376    -0.496975     1.957567    -2.455921    -2.454202    -0.580092
