   -0.379665    -0.013646    -0.608454    -0.962711    -2.588480     0.332641    -0.661800    -0.345513     0.420588     1.419362     0.398033     0.554032
    1.122544     1.785352     2.197906     1.340411     2.309686     0.985376     1.836078     2.233526     1.961901     0.636745     0.147485     0.345742
    0.195609    -0.488353    -1.273840    -0.517788    -2.034797    -1.288041    -1.831318    -1.995270    -1.355971    -1.546862    -0.116039    -0.779550
    1.497923     0.120882    -0.065167     1.098687     0.854837     2.754543    -0.306956     0.269960     0.874680    -0.306109     0.111339    -0.577012
   -0.443546    -0.489111     0.817268    -0.617689     0.488113     0.433153     0.055230    -0.080089    -0.467085     0.153305    -0.194733    -0.064246
    1.143344     0.699581     0.368239     0.506873     1.626526     1.692040     0.087375     2.210014     1.946783    -0.422142    -0.073932     0.436972
    1.156828    -0.481675    -0.065477     0.106027     0.646523    -0.239887     0.066578    -0.286598     0.072825    -0.005176    -0.851732    -0.502415
   -0.803792    -0.648053    -0.566342     1.917936     0.428272    -0.427956     0.252843     0.336257    -0.077169     0.299186    -0.627545    -0.195240
   -1.169829    -0.917981     0.599188    -0.130525     0.194954    -0.024288     0.894530     0.205668     1.133643     1.413242    -0.103555     0.582832
    0.952553     0.679204     0.207101    -0.451078    -0.891657     0.161314     0.055899    -0.018841     0.860438     0.624208     0.800076     1.663229
   -2.313394    -0.637618    -0.142383    -1.093561    -0.576214    -0.309855    -2.002665    -1.577600    -1.782094    -2.055290    -1.575606    -0.854734
    1.417489     2.204631     1.000544     0.667075     1.337660     1.279347     1.790604     1.508089     0.698086     1.137692     0.035080     0.458163
    1.643559     1.090536     0.594063     0.438547     0.372231     1.519707     1.016669     0.881613     1.281645    -0.137133     1.121796     0.416719
   -1.618107    -0.231681    -1.090783    -1.422901    -1.310887    -0.460545    -0.561430    -0.174318    -1.161221    -1.868255    -0.691321    -1.113744
    0.432518     0.061899     0.672170     0.925458     0.466499     1.343872    -1.627786    -0.268740    -0.399402    -1.420337    -0.319451    -1.265378
    1.754538     1.497865     1.488308     0.059179     0.710766     0.401218     2.316190     1.096466     1.240682     1.519607     1.693717     1.186748
    0.910008     0.284344     0.286677     0.037450    -1.382163    -1.980232    -1.902542    -0.028304    -1.696168    -1.301765    -1.471175    -2.136899
    0.788758     0.915660     0.007793    -1.380743     0.938800     0.040541     0.691821     0.580622    -0.166877    -0.394867     0.021566     0.213552
    1.064380     1.303363     0.443481    -1.152837    -0.983043    -0.542736    -0.119486     0.503012    -0.224606    -0.357054     0.729513     0.871800
   -0.522868    -0.906437    -1.537111    -0.660124     0.013834     0.317046    -0.844095     0.267584    -0.246120    -1.317953    -0.753363    -0.560307
   -0.551591    -0.374945     0.413166     0.167483    -0.189793    -0.242561     0.037055     0.312172     0.613982     0.454338     0.643428     0.096934
    0.269191     0.205732     1.034116     0.777701     1.916097     1.205121     1.693469     1.577900     1.908098     0.965227     0.022208     1.240701
   -0.507747    -0.435255     1.794834    -0.433657    -0.769448    -0.927945    -0.094197     0.429445     0.300653     0.428886     1.166620     0.829194
   -0.750799    -0.107253    -1.109576    -0.861379    -0.776673    -1.464747     0.127403    -0.313532    -0.954069     0.667733    -0.343248    -0.393242
    0.181219    -0.449797    -1.006206    -0.197877    -0.578928    -0.680256    -2.853590    -2.558739    -1.570913    -2.144631    -1.606841    -1.199810
    1.084113     1.712868     0.862166     0.067239     1.193941     0.486857     2.481452     2.413440     2.801445     0.457661     0.810339     0.657887
    0.367612     1.069932     1.132403    -0.059350    -0.713537     0.229416    -0.210047     0.826938    -0.720356     1.988528     1.549227     0.703645
    0.489725    -0.262511    -0.106430     2.039263     1.178456     1.681712     0.763572    -0.145425     0.291499     0.337181    -0.172914     0.359715
    1.091029     1.584997     1.630043    -0.157701     0.010107    -0.193391     2.168249     1.791946     2.270281     2.424167     0.864791     2.193353
   -1.073655    -1.362611    -0.920234    -0.567709    -0.220621     0.842568     0.136183     0.325197    -0.128976     0.584846     1.107773    -0.405907
   -1.426985    -0.897816    -2.058728    -0.128428     0.590512    -0.926136    -0.241862     0.091828    -1.091704     0.605759     0.171758     0.203395
   -1.525300    -0.345524    -0.985108    -1.403567    -0.851261    -0.550917    -2.979509    -3.419994    -2.067394    -0.310842    -0.473693    -0.828602
   -0.803331     0.485597    -1.178133    -0.223247    -0.413613     0.340538    -1.271146    -1.555986    -1.306123    -2.259861    -1.754970    -0.672980
    0.198687    -1.469185    -0.108668    -0.159417    -0.331408     0.757370    -0.468302    -0.242827    -1.106381    -1.261763    -1.108849    -1.645298
    0.525822     0.559571     0.577130     0.883103    -0.009233     0.439684     1.131077     1.054342     1.140081     0.533420     0.119171     0.649087
   -1.835716    -1.878125    -2.101978    -0.110277    -0.576549    -0.448207    -1.590064    -0.376073    -0.997695    -1.718626    -1.198958    -0.540368
   -0.814293    -1.547093    -1.208783     0.392537    -0.170165    -1.142462    -1.266473    -1.547932    -1.637187    -0.241231    -0.392775    -0.648555
    1.609115     2.414277     2.019161     0.152272    -0.162667    -0.581557     0.711964     1.171397     1.718093     2.481413     2.756997     1.656844
    1.711916     0.063199    -0.060649    -1.420691    -2.078471    -0.556461    -1.841765    -0.942223    -2.027565    -0.643527    -0.159806     0.192417
   -0.397623    -0.143961    -1.061501    -1.074355    -1.255676    -0.473172     0.209206     0.178349    -0.665285     0.175768    -0.189219    -0.696041
    1.537402     0.544346     1.763648    -0.010678     0.532812     0.214525     1.678662     1.901233     0.190950     0.945879     0.815835     1.129912
   -0.115730    -1.299734     0.983335    -0.470375     0.485687     0.975068    -0.563217    -0.187343    -0.122865    -0.461630     0.762313    -0.126181
   -1.474918    -1.906231    -1.463843     0.953972     0.699505     0.006339    -0.808274    -0.531134    -0.934943     0.734119     0.530818    -0.006166
    1.108456    -0.338546    -0.208525     1.890709     0.642802     0.601606     0.449461     1.007943     0.725914     0.205685    -0.222158    -0.400202
   -0.912149    -0.204799    -0.720770    -0.618947    -0.264079    -0.665914     0.361316     0.253883    -0.324192    -0.232438     0.262370    -0.647534
   -0.875797     0.609290    -0.444184    -0.027379     0.508993     0.573753     1.290198     0.904705     1.791152     0.264460    -0.422720     0.079120
   -1.471384    -0.272878    -1.071587    -1.269716    -1.734151    -2.070140    -1.683608    -1.184338    -1.273687    -0.634099    -0.162515    -1.197944
    1.203880     0.826612     1.332403     0.514436     1.181801     0.576303     0.957123     0.668583    -0.142633     0.306057     0.052190    -0.517715
    0.022786    -0.533801    -0.555230     1.251086     0.569720     1.133335     1.860367     1.351147     1.420655     0.796975     0.535191     1.196231
    0.433018     0.715632    -0.028202     0.231285    -0.180049     0.255397     0.245944    -0.767735    -0.237896     0.476484    -1.624698     0.406176
    0.044259     0.177051     0.729114     0.958697     1.610521     1.788125     0.325979     0.068618     0.047447     0.839818    -0.195101     0.889275
   -0.461085    -1.428274    -0.947736    -1.030043    -0.049331    -0.681519     0.628590    -0.239494    -0.437934    -0.391919    -0.501393    -0.646320
   -1.306003    -0.616408    -1.102854    -1.138115    -1.486112    -1.415606    -2.232645    -1.897388    -2.444385    -0.160793    -0.362959     0.075894
    0.058913    -0.423892    -0.768469     0.061745     0.086855    -0.205202    -2.052851    -2.023446    -1.164581    -0.819329    -0.196656    -1.176517
    0.236928     0.197033    -0.082083     1.025790    -0.223610    -0.299536     1.092043     0.976480     0.785307     0.623468     0.480835    -0.393148
   -0.145859    -0.291367    -0.374322    -0.474229    -0.225000    -0.687644    -0.625404    -1.145279    -0.685171    -0.710400    -0.011157     0.048647
    0.372187     1.035858     0.889193    -0.426376     0.815706    -0.083421     1.006425     0.111919     1.293441     3.077947     1.290148     0.982365
    0.070633     1.440670     0.903872    -0.159285     0.453528    -0.066576     1.089515     1.344819     1.097616     1.336002     0.398524     0.184049
    1.143500     0.717660     1.513481     0.067163     0.867911     1.197547     1.645076     1.376528     1.584747     0.446893    -0.684652     0.265583
   -0.284167    -0.149927    -0.697695    -1.547429    -0.847727    -0.396378    -1.205047    -0.797185    -1.423294    -0.696205    -0.552098     0.025886
   -0.873648    -0.266050     0.031823    -2.385593    -1.945803    -1.007676    -2.852727    -2.084113    -1.669126    -1.761963    -0.641929    -0.607195
    0.021698     0.525410     0.387135     1.613748     0.795177     0.948956    -0.019485    -0.082394    -0.231671    -0.369722    -0.562975    -0.353291
    0.202494    -0.370025    -0.233930     0.576829     0.303147     1.411495     0.733298     0.900109     0.873806    -1.662924    -1.062811    -1.342582
   -1.195925    -2.418121    -0.957008    -0.301411    -0.024428    -0.391299    -1.733518    -1.407783    -1.305058    -0.621021    -0.852100    -1.286983
   -1.186998    -0.328906     0.449986     1.292027     0.193777    -0.414059    -0.302747    -0.514969    -0.543259    -0.354869    -0.407686     0.066809
    0.260940     1.060937     0.469845     0.412395    -1.077620     0.882498     1.424115     0.209740     0.866545    -0.630202    -0.391616    -0.051988
   -0.014101    -0.086808     0.164093     1.561577    -0.122237     0.206886    -1.020266    -0.478639    -1.358735    -1.378750    -1.151212    -0.973007
   -0.891989    -0.270827    -0.585003    -0.320729    -0.735488    -0.101779    -0.562283    -1.227458    -0.471735    -0.944008    -0.678615    -0.177156
    0.868908     1.556488     0.507840    -0.117119     0.076597    -0.017895     0.826844     0.251391     1.218252     0.903380     0.426065     2.018622
    0.836068     0.277358     0.874247     0.225356     0.455851     1.380636    -0.544984     0.928208     0.302646     1.955537     1.150937     0.982422
    0.875572     0.969633     1.354878     0.701236    -1.028634    -0.787010    -0.856031    -0.037684    -0.518448    -1.786320    -1.050094    -0.709616
    0.572881     1.128756     0.111487     1.485981     1.540872     1.499459     2.548865     1.017861     2.656845     1.952539     0.477121     0.534584
   -0.775911    -1.919492    -0.846361     0.715164     0.590769    -0.166822    -0.176245    -0.175987    -0.114553    -1.255660    -1.376644    -1.050533
   -0.658899     0.200758    -0.074082     0.432493     0.303584    -0.144598    -0.328175     0.223962     0.154544     0.961234     0.915905     0.869662
   -0.627183     0.881569     1.347602    -0.414958     0.263292     1.033638    -0.895189    -0.795029    -1.407778    -0.409162     0.806750    -0.222942
    1.508232    -0.034369     0.658549     0.188558     0.301179     0.456668     0.257499     0.344626    -0.139339     0.847199     0.651011     0.891219
    0.203860     0.342816     1.555469    -0.327875    -0.390148    -0.127433    -0.383220    -1.023045     0.339039    -0.883188    -0.060729    -0.453663
   -0.444362     0.703763     0.190658    -0.050201     0.368849     0.993409    -0.032522     0.715202     0.533709    -0.330736     0.217662    -0.274209
    1.765723     1.653753     1.126472     0.025708     0.157653     0.590695     1.323412     0.871041    -0.195014     0.270022     0.607185     0.613725
   -0.062872    -0.005978    -0.145209     0.725044     1.776196    -0.253825    -0.254698    -0.389048    -0.225037     1.071193     0.464247     1.030442
   -0.804980    -0.517012    -0.683007    -1.182173    -0.696839    -0.096096    -0.133535    -1.632510    -0.780030     0.664544     0.025800     0.136774
    1.047901     0.970398     0.725047    -1.276050    -0.260475    -0.155539     0.165127     0.558518    -0.099778    -0.123623     0.444394    -0.185366
    0.696741     0.462931     0.234910    -0.061158     0.519768    -1.284772    -0.103764    -0.249342    -0.504947    -1.185858    -1.696578    -1.508170
   -0.175855    -1.734515    -1.056024    -1.569479    -1.209277    -2.289683    -1.873755    -1.853977    -1.794122    -0.803135     0.103570     0.523609
    0.387651    -0.193497     0.749349    -0.330404    -0.923628     0.358789     0.447673     0.404205     0.203747    -0.870262    -0.433840    -0.922639
   -0.042149     1.277637     0.286006     2.156133     1.458057     1.908830     3.084823     2.224248     3.045929     1.993328     2.093244     1.627971
    0.497735     1.025566     0.826189    -0.036450     0.382481     0.479976     0.014492    -0.216920    -1.103074    -0.212232    -0.227588    -0.914275
   -1.293078    -0.328622     0.507456    -1.372948    -1.337461    -1.496956    -3.462631    -2.576607    -2.315549    -1.951259    -0.750805    -0.752796
    1.166265     0.212631     0.556559     1.134128    -0.400160    -0.931545     1.054453     0.567525    -0.323401    -0.187151    -0.227345    -0.082684
    0.543088     1.578052     1.788222     1.000785     2.011732     2.166195     2.392207     2.397990     1.813170     0.601431     0.870921     0.841464
    0.349602     0.153786     0.915472     0.879584     1.548517     1.423477     2.936359     3.181857     1.850253     1.210277    -0.182530    -0.375917
   -0.199179     0.077242     0.357291     1.541552    -0.620749     0.075771    -0.474293    -0.558560     0.409454     0.318731     0.363088     0.033020
    0.399443     0.533792    -0.375149    -0.310881    -0.181123     0.012871    -0.259186    -0.476706    -0.682524     0.168707     0.448358     0.158229
   -0.297660     0.063836    -0.614485     0.491324     0.951431     0.741128    -0.259809    -0.472687    -0.613181     0.096677     0.164277    -0.766952
   -0.929330    -0.536802    -1.295554    -1.380235    -1.386025    -1.572472    -1.967153    -1.226943    -1.474197    -1.540246    -0.782123     0.068200
    2.539351     1.519134     2.043844     0.714503     1.771659     1.899458     3.525955     2.990921     3.119218     2.876929     2.051823     2.251350
   -0.440774     1.013288     0.332982    -1.205028    -0.641111    -0.858132    -0.948159    -0.897402    -0.540709    -1.213656    -0.298854     0.302638
    0.240742    -0.710003    -1.043946     0.721821     0.694808     1.423946     2.064561     1.530425     1.247569     0.948712     0.522935     0.412346
    1.567039     0.275230     0.261491     0.693696     0.185664    -0.881458     2.453287     2.701184     2.596205     0.227187     0.238550     0.334851
    0.752602     0.962756    -0.237709     1.603394     1.412493     0.706826     2.282728     2.378217     2.482782    -1.066193     0.746154     0.584824
    0.437383     1.085906     1.210940     1.042541    -0.810400    -0.363567     1.652343     1.842401     1.523202    -0.012480     0.893068     0.987813
   -2.086431    -2.011337    -0.998045    -2.687548    -2.518163    -1.679488    -3.659372    -3.238830    -3.489270    -1.056469    -0.832203    -1.639065
   -0.659149     0.115073     0.752058     0.054101    -1.083312    -0.858617    -1.394954    -1.818409    -1.419812    -2.268375    -2.024908    -1.312657
   -1.798467    -0.252191    -0.585214     2.007110     1.367680     0.719036    -0.903751    -0.222387    -0.300224     0.959501     0.400023     0.782107
   -0.217632     0.539990     0.999177     0.006563    -1.096396     0.364988     0.920784     1.311724     1.383027     0.396169    -0.796722     0.208910
    0.256506     0.341015    -0.937938     0.187217     0.482111     0.037028    -0.473667     0.326329    -0.195192    -0.077569    -0.070887    -0.177945
   -0.999630     0.005082    -0.020571    -2.526514    -0.515557    -0.149564    -1.533327    -1.699193    -1.586524    -0.568897    -0.793265     0.094477
   -1.168278    -0.464430     0.975843    -2.539186    -1.224486    -1.489524    -2.007621    -1.762417    -1.286505    -0.904846     0.096929     0.089358
    1.503865     1.502126     1.653579    -0.241655     0.976700     1.509398     1.193902     0.764010     1.674610     1.202934     0.835347     0.338396
    2.002983     1.339955     0.401797     1.479906     0.302316     0.719569     1.012367    -0.315740     0.960281    -0.057268     0.627791    -0.234503
    0.225410     0.283615    -0.162622    -0.596637     0.055027    -0.350695    -2.444849    -2.221570    -2.019051    -1.697255    -1.125352    -2.123054
    0.051059     0.561298     0.774841     0.542177     0.881867     0.349936     1.072181     1.244952     0.641012     0.618451     0.121179    -0.136872
   -0.691276    -0.967933    -2.417144    -1.042989    -0.962859    -0.947991    -0.704390    -0.568489    -0.658475     0.227702     1.457257     0.803117
   -0.324307    -0.107812    -0.412019    -0.078121     1.159600     0.603324     0.695048    -0.252254    -0.107728    -0.167543     0.231940     0.453596
   -1.211261    -0.124369    -0.488430    -1.163263    -0.826441    -1.127910    -1.806174    -1.646258    -1.017502     0.051866    -0.179893    -0.124681
   -0.697635     0.836280     0.804737    -0.317303     0.052726    -0.753826     0.023251     0.324811    -0.156148    -0.879150    -0.525960    -0.786300
   -0.318942     0.310055    -0.609133     0.290297     0.210422    -0.388022     0.750698     0.812166     0.709755     0.211930    -0.229499     0.304980
   -0.319197    -0.533420    -1.684886    -0.409682     0.069461     0.233468    -1.624178    -1.421181    -0.583543    -1.112259    -1.374148    -1.761084
    0.156141     1.655681     1.115762     0.458602     0.283861    -0.253656    -0.337392     0.584597     0.820902     1.013035     1.059606     0.367992
   -0.549059    -1.937002    -0.565088    -1.424036    -1.107060    -0.320846    -1.709331    -1.531706    -1.482491    -1.848664    -1.468320    -1.007901
   -0.209312    -0.577734    -0.391763     0.729405     0.401299     1.513515     2.736556     0.868961     1.596147     0.799090     0.315781     0.109760
   -0.803039     0.632808     1.073246     0.321824     1.273525     0.390640    -0.237252    -1.248936    -0.018033     0.498388     0.650962     0.193691
    0.980554     0.199794    -0.236333    -1.690030    -0.907661    -0.320468    -0.035249     1.234513     1.542073     0.906181     1.357104     1.211358
    0.693294     0.276967     0.146430    -0.059968     1.283086    -0.126192     0.296728     0.035785     0.138627    -0.018940    -0.287729     0.589972
   -0.096894     0.127330    -0.550139     1.603381     0.535507     0.527412     1.290919     0.566109     1.224273     0.002819     1.214093     0.329883
    0.568644    -0.043161     0.126858    -0.431701     1.011905     0.523101     1.101829     1.273741     0.255942     0.528627    -0.477403     0.838649
    0.478957     0.996611     1.102092    -0.399447    -0.338740     0.466870     1.083518     0.294676     0.645739     0.485664     1.105033     1.418211
   -0.947866    -0.520297    -1.004541    -2.912119    -1.868731    -0.998350    -0.701346    -0.137302     0.081571    -1.021449    -1.030515    -0.875124
   -0.877509    -0.982158    -0.267791     0.332749     0.481396    -0.478583    -0.880342    -0.728615    -0.963489    -0.024857    -0.671452     0.098945
   -2.316060    -1.481691    -0.603544     1.041955    -0.386492    -0.413485    -0.860477    -0.520450    -0.720417    -1.029226    -0.398956    -0.473532
    1.197255     2.565510     0.532017     1.163540     1.598216     2.474414     2.175798     1.203311     2.043025     1.154819     0.233210     0.797494
   -1.258725    -1.282102    -1.083551     0.397168    -0.013847     0.458511     0.315818     0.463157     0.785276     0.360084    -0.082637    -0.203996
    0.860130    -0.404365    -0.255041     0.470543     0.943409     0.940927     0.999924     0.808962     1.012301     2.899399     1.412956     1.165220
   -0.677705    -0.752538    -1.028128     0.260824    -0.864241    -1.485719    -1.242477    -1.923704    -2.067318    -0.163909    -0.654686    -0.341080
   -0.412082    -1.217082    -1.539612     0.602880     1.009379    -0.241901     0.346065     0.164482     0.273104     1.314296     0.799246     0.809021
    0.458438    -0.328412     0.315941     0.359713     0.360418    -0.331799     2.010197     1.466551     1.769198    -1.302600    -1.290539    -1.327027
    0.530601     0.808167     0.686947     0.272329     1.204139     1.505061     1.802803     1.791222     1.934643     2.297030     0.933162     2.601150
   -1.181240    -0.327609    -1.545050    -0.935496    -1.298665    -0.944543    -2.585977    -1.036749    -1.069939    -0.372936    -0.087245    -0.092811
   -2.454501    -1.635876    -0.085974     0.961715    -0.095509     2.233543     0.025877    -0.074294    -0.069303    -0.579910     0.570041     0.299179
    0.106158     0.030566    -0.300485    -0.609338    -1.960399    -2.060652    -0.793790    -0.807595    -1.049138    -0.664408    -0.337522     0.018091
    1.240487     0.790269     1.344768     2.117708     2.151633     1.520757     2.465479     3.189459     1.677232     0.949265     0.984818     0.558077
   -0.604918    -0.524561     0.623481     1.336419    -1.121460    -0.012494     0.478644     0.352764    -0.264706     0.355817     0.862604     0.703219
   -0.993368    -2.093748    -1.282132    -0.389821    -0.982428    -1.224042    -1.740664    -1.641197    -1.401803    -1.076350    -1.256239    -0.755731
    0.530544     0.389990     0.070055     0.462496     0.606474     1.347228     1.106258     0.606771     1.449151     0.759155     0.733226     0.351203
   -1.056410    -1.373746    -0.087043    -1.691960    -0.642076    -2.048083    -2.888601    -2.675609    -2.112727    -1.729911    -1.301450    -1.121462
    0.265091     0.121868    -0.329270    -0.257462    -0.820630    -1.061033    -0.357533     0.376119    -0.192241    -1.646194    -1.037235    -0.137347
   -1.046621     0.264855    -0.001655     0.152078    -0.681099    -0.072120    -1.136916    -1.714799    -1.192762     0.461876     0.641253    -0.563244
    1.034953     2.046345     1.807406     1.425575     1.092456     1.548177     1.455859     1.538817     2.158890     0.680702     0.399848    -0.163394
   -0.318664    -0.404215     0.017194     0.688583     1.407381     1.166529     0.684054     1.087323     1.966266     0.470715     0.756376     0.433192
    0.566558     0.355178     0.780828    -0.387475    -0.158783    -0.251226     0.512608     1.819326     0.744382     2.143664     0.967592     0.554774
   -0.051543     0.524520     0.320879    -0.255714     0.268227    -0.102014     0.282905     0.146128     0.235246     0.096227    -0.420631     0.225918
   -1.289566     1.092932    -0.639497    -1.497667    -0.536839    -0.833804    -0.781521    -1.548925    -1.648004     0.324556     0.864434     0.624506
   -0.247002    -0.398657    -1.732078    -0.459758     0.159725    -0.855165    -0.348971    -0.520169    -0.694604    -1.524972    -0.277158    -1.246263
    0.657079     1.290037     0.309331     1.122914    -0.000860     1.061436     1.425665     1.219318     0.955285     0.384938     0.591460     0.397496
    1.619380     1.040666    -0.024786     1.072141     0.484942    -0.205907    -0.105674    -0.642849    -0.057858    -2.100752    -0.717262    -0.680607
    1.434987     0.756557     0.852306     1.420908     0.571701     0.061716     1.076173     1.528681     1.252405     2.609266     1.122077     1.423739
   -0.435737    -3.348445    -1.258212    -1.824609    -1.702668    -1.294180    -2.523888    -2.264106    -2.707167    -1.260277    -1.022587    -1.262422
   -1.099287    -0.599482    -1.182672     0.447676    -0.208429     0.075896    -0.602638    -0.295303     0.060473     0.097034    -0.495007     0.504334
    0.975528     0.637034     1.374862    -0.607794    -0.401824     0.143290     1.617041     0.714309     2.006149     0.329438     0.508108     1.954596
    1.145778     1.897888     2.357977     1.284332     0.347070    -0.488450     0.235580     0.382494     1.168547     0.684685     0.819214     0.378632
   -0.691088    -1.660849    -1.212721    -1.610825    -2.742967    -1.354966    -1.515100    -0.413290    -1.549706    -1.541794    -0.554829    -1.205184
    1.000140     0.320981     0.300982    -0.042299    -0.181887    -0.777932    -0.465564    -0.780072    -0.084877    -0.381559     0.044246    -0.569699
   -1.143871     0.030453     1.196977     0.319673    -1.239171     0.060359     0.569049     0.405192     0.721327     0.780359     0.874028     1.793235
    1.095709     2.062365     1.806278     1.707465     0.733457     2.085567     2.955753     1.815401     2.329315     1.810161     1.180230     1.858946
    1.771366     0.454891     0.038837    -0.132727     0.600946     0.045032    -0.790384    -0.513740     0.434694    -0.180930     0.492508    -0.178054
   -1.107268    -0.287094    -1.147281    -0.725134    -0.958990    -0.820829    -0.982964    -1.108519    -1.254945    -0.392284    -0.961884    -0.936545
    1.486001     0.519631     0.091881     0.398900     0.268980     0.755510     2.593478     1.552654     1.738276     0.509724     0.167331     0.176992
   -0.141186     0.129568     0.665020     0.645417     0.663701     1.670289     1.494869     1.534582     1.537910     0.593885     0.345383    -0.197167
   -0.081840    -1.197656    -0.428938    -0.714409    -1.505856    -0.285321    -1.355932    -0.576499    -1.108554     0.092636    -0.194067     0.516416
    1.460251     1.963573     1.921936     0.343618     0.321288    -0.221612     1.808983     1.387884     2.226157     2.859275     1.205746     0.861311
   -1.558368    -1.457270    -0.312831    -1.341710    -0.917456    -2.183592    -1.788752    -1.662176    -2.281458    -0.791646    -1.176396    -1.048783
    1.706607     0.682872     0.616247     0.720255     2.246119     1.091454     2.370863     1.590947     0.914299     1.292597     0.840193     1.210832
   -0.945380    -1.333284    -0.793167     0.194989     1.102080     0.509458    -1.050970    -0.369978    -0.398118    -2.449017    -0.761277    -0.638052
   -0.491482    -0.568593    -0.581725     1.015633     1.512377     1.584656     0.390242     1.144179     0.478697     1.257625     0.305659    -0.148233
   -0.863366    -1.043430    -1.244885    -0.557109     0.548808    -0.766402     0.584995    -0.298168     0.047620     1.994116     0.968166     0.996492
   -0.173747    -0.739619    -1.199823    -1.485565    -1.837488    -1.443958    -0.692631    -0.364427    -0.568788    -0.842450    -0.904279    -0.517042
    1.400363     1.691666     2.362837    -0.360552    -0.059087    -0.780366     2.070174     1.256689     2.224062     0.713119    -0.025103    -0.351276
   -0.700292    -0.822026    -0.847908    -0.230881     0.867105    -0.987320    -1.050229    -1.112307    -1.026962    -0.792679     0.902456    -0.776612
   -1.032281    -0.526015    -1.236757    -0.507574    -0.078588     1.164255     0.963617     0.277816     1.604480     0.659713     1.147255     0.840384
    1.117096    -0.369466    -0.379059    -0.574425    -0.825595     0.725566     0.428189     0.969304     0.494642    -1.300212    -1.030590     0.016575
    0.052686    -0.697757     0.026377    -2.283660    -1.441929    -1.103274    -1.045286    -1.058800    -0.156463    -1.368169    -0.955525    -1.586525
   -1.211250     0.349012    -0.321992     0.491520    -0.076774     2.018831     1.179148     0.611251     0.460012     0.324243     0.559103    -0.321964
    1.712885     0.998045     0.446964    -0.181390    -0.420351    -0.589363     1.295055     1.216164     1.013175     1.557878     1.438458     0.815723
    1.120389     1.611153    -0.165309    -0.206794     0.090945     0.948996     0.659596     1.048909     0.538993    -0.031884     0.113123    -0.055039
   -0.646744    -2.507739    -1.139886    -0.672376    -0.598047    -0.278343     0.189465     0.241766    -0.204639     0.157343     0.625655    -0.633784
   -1.846969    -0.317947    -1.808578    -0.268681     0.888388    -0.237077    -1.910675    -1.063628    -0.878153    -0.014757    -0.308193    -0.132406
   -0.145542    -0.046127    -0.640154    -1.020920     1.111365     0.739295     0.190659     0.700758     0.441599     0.392930    -0.925160    -0.467705
   -0.999919    -1.154036    -0.538155    -0.254295    -0.074002    -1.075937    -2.968103    -1.464726    -2.078701     0.612911    -0.446391     0.291148
   -1.342773    -1.080867    -1.036798    -0.643375    -0.131072     0.467340    -2.021450    -1.607930    -1.206702    -2.581121    -2.098495    -1.763646
    1.364230    -0.325737    -0.578239     1.099575     0.887179     0.441504     1.039755     0.303959     1.242458    -0.711820    -0.218835    -1.062580
    0.143872     0.367782     0.338793    -0.206498     0.327479    -1.147989     0.387043     0.613790     0.755154     1.043714    -0.219887    -0.335629
    0.012085    -0.338394    -0.072450     1.435156     0.980847     0.278328    -0.749525    -0.067230    -0.985835    -0.436867    -0.325465    -0.050200
   -0.543516    -0.337440     0.240873     0.025629    -0.138340     0.239300    -0.869374    -0.307175    -0.705690    -0.078356    -0.421223     0.102423
   -0.092517    -1.345000     0.009784     1.537286    -0.022666    -0.608794     1.880777     1.193531     0.425640     1.047353     0.360891     1.036914
   -0.739821    -1.662419    -0.823212    -0.862851     0.977232     0.106312     0.605633     1.160064     0.955098     0.397122     0.132825     0.470114
    0.331178    -0.144377     0.041308    -0.648623    -0.236668    -0.626029     0.703210     0.358993    -0.206715    -0.336418    -0.060404     1.306282
   -1.611530     0.080327    -0.220294    -0.463851    -1.544028    -0.467514    -1.101382    -0.412943    -0.442648    -0.725616    -0.664550    -0.663273
    0.370291     0.353954     0.918016     0.137570    -0.098729    -0.330212    -1.552731    -0.652854    -1.360655    -1.264160    -0.493777    -0.488275
    0.895971     1.774445     1.152241     0.418486    -0.113817    -0.924601     0.350225     0.692405    -0.005963     1.221720     0.310069     1.282623
   -0.866289     0.952986    -1.148251    -1.158393    -1.110909    -1.241620    -2.438893    -2.552627    -3.226814    -1.425494    -1.417603    -1.322355
   -0.155511     1.464139     1.178051    -1.048434    -0.121476    -0.831594    -0.432870     0.447695     0.029289     0.250920    -0.149946     0.308649
   -0.334295    -0.660757     0.292787    -0.369565    -0.438134    -0.220183    -0.273687    -0.121857    -0.259763     0.075091    -0.984273    -0.170868
   -1.042824    -1.089111     1.306504     0.632031    -0.823303    -0.648091    -1.312033    -0.784723    -0.796145    -0.666647    -0.751542    -0.573367
    0.016285     0.856756    -0.494441    -0.401862     0.543075     0.528516     0.340917     0.324259     0.357669     1.412248     0.386910     1.937946
    0.061074    -0.852121    -0.808604     1.205607     0.272607     0.828664    -0.224254    -0.000047     0.454909     1.704799    -0.517813     0.525585
   -0.296903    -0.555340    -0.614969    -0.836054     0.043585    -0.468335    -0.808989    -0.242311    -1.139295    -0.660970    -0.342012    -0.193917
    0.001750    -0.832482    -1.126897    -1.198350    -0.772933    -0.696289    -1.963314    -0.936879    -0.748381    -1.706120    -1.324218    -0.397220
    0.417803    -0.387510    -1.036842    -1.068329    -0.623927    -1.307727    -1.157936    -1.657440    -1.137056    -1.828818    -0.292362    -0.534966
   -1.658787    -1.694827    -0.672835    -2.360197    -3.361114    -1.999844    -2.280628    -2.014473    -2.032845    -1.479836    -1.030077    -1.414384
   -0.280287    -0.222646    -0.535702    -0.165025    -0.965496    -0.366244    -1.386762    -1.839295    -1.276977    -2.093544    -1.804275    -1.023190
   -0.745434    -1.049086     0.569446    -0.014593     0.014499    -0.658948    -1.899253    -1.330051    -1.587597    -0.308644     0.654648    -0.993170
   -0.515827     0.024844    -0.665845     0.397615    -0.055263    -0.077391    -0.249718     0.562044     1.002198     1.312428     0.024180     0.210977
   -0.143574    -0.432310     0.105198    -0.465192    -0.919298    -0.221990     0.170964    -0.050546    -0.641504     0.928432     0.014198     1.010002
   -0.791209     0.122353     0.736370     0.331645     0.445099     0.226298     0.746480     1.200780     0.623446    -0.141109    -0.162102    -0.333194
   -0.746414    -0.029912     0.319377     1.641500     0.657809     1.606150     1.181047     0.704969     0.351067    -1.432789     0.047558    -0.198436
   -1.943734    -1.398851    -0.457188    -0.661867     0.381619     0.132774    -0.163524    -0.789795     0.344197    -0.070281     0.374867     1.245429
    1.265176     0.362262     0.954248    -0.339937    -0.845234     0.740942     1.989078     0.474523     1.870246     1.686210     0.955776     1.478630
    0.931299     0.992845     1.461175     2.485517     1.255127     1.472626     2.663493     2.330129     1.875364     0.842666     0.684768     0.532377
   -1.618510     0.244218    -0.631588    -0.544831    -1.993912    -1.561478    -1.781396    -1.705270    -2.060809    -0.992239    -0.296313     0.538855
    0.875415     0.586350     1.922433     0.554448    -0.686904    -0.018443     1.532111     1.121878     1.442197    -0.004842    -0.082298     1.323259
    0.161465    -0.532307    -0.126221    -0.485380    -0.626271    -1.059758     0.831190     0.772029     1.814104    -0.087262    -0.303075     0.275086
    0.582011     0.569111     0.618092    -0.208982    -0.543759    -0.137512    -0.123874    -1.581963    -0.801320    -0.702313    -0.701130    -0.260252
    0.041245     0.545148    -0.465680     0.954526    -0.385698    -0.322336    -1.134359    -0.878124    -0.190779    -1.535060    -1.625749    -0.371422
    0.205041    -0.565438    -1.191595     0.745471     0.660546    -0.161977     0.831728     1.110387     0.941118     0.765988     1.061915     0.431220
   -1.656694    -0.520827    -1.159902    -0.737921     0.222788    -0.369620    -1.918404    -1.015559    -1.630557    -0.797535     0.624405     0.664721
    0.017531     0.072152     0.447907     1.400531     1.037983     0.685986    -0.295398     0.026451     0.875628    -0.588081    -1.096453     0.765253
   -0.058853    -0.779274    -0.363423    -0.998694    -0.093996    -0.528012    -0.746169    -0.641298     0.449024    -1.659594    -0.822909    -0.989030
    0.214780    -0.803997    -0.137938     1.016562     0.984057     1.226855     0.277023    -0.315857    -0.930567    -1.668056    -0.466054    -0.798081
   -0.218411    -0.429135    -1.178424     0.134184     0.854566    -0.337464     0.230921    -0.647737    -0.218033     0.508483     0.532541     1.014630
    1.249564     1.463460     2.147207     2.119138     0.307219     1.400937     0.942725     0.400039     1.021472     0.320265     1.447884     1.026826
    2.209607     2.092557     2.563252    -1.981737    -0.693282     0.441753    -1.068659    -1.035002    -1.413795    -1.795869    -1.552634    -0.236353
    0.517787    -1.231700    -0.993687    -2.018563    -1.629938    -1.810702    -1.739891    -1.500667    -2.292594    -1.231850    -0.928085    -0.765929
   -0.838771     0.075834    -0.402703     0.121464     1.123783     0.176911     0.603898     0.585673     0.747809     0.780011     0.034053     0.483463
   -1.633605    -1.558689    -1.215036    -0.009381    -0.013354    -0.639169    -1.624419    -1.402709    -1.331733    -0.873798    -0.078596    -0.440705
    0.897366     0.177674    -0.451263    -0.449232    -0.430950    -1.007944     0.197923    -0.460670     0.050167     0.218166     1.400346     1.196658
    1.300844     1.498008     0.920129     0.463100     0.653466    -0.638229    -0.365896     0.895022     0.292646     2.175532     1.366599     0.237303
    0.803426     0.942922     0.929441     0.308203     0.771596     0.576135     0.459757    -0.779606    -1.025765     0.555100     0.265470     0.115500
   -0.253996    -1.338722    -0.873313    -0.997306    -2.393267    -1.781416    -0.989110    -0.832078    -1.802571    -0.603473    -0.649686    -0.721756
    2.417716     2.291777     2.495636     2.178206     1.174568     2.012379     2.424967     1.892470     2.825814     1.961913     2.025937     0.720034
    0.349651    -0.858461    -0.394115    -1.366917    -0.871115    -1.598248    -3.105522    -2.368121    -1.973764    -2.525676    -1.176508    -1.797366
   -0.579294    -0.641370    -1.061174     0.382943     1.308134     0.966181    -0.616146    -0.123868    -0.060982    -0.570011     0.030419    -0.515208
   -0.234289    -0.446918    -0.495722     0.225824     0.708606    -0.896882    -1.388505    -1.290979    -0.743301    -0.412210    -1.428246    -0.433698
   -0.585534    -0.539340    -0.479323    -0.316712    -1.190242     0.458713     1.043678     0.755864     0.135738    -0.712949    -0.079382    -0.379373
   -0.056354     0.341243     0.334014     0.512207    -1.564517    -1.329635     0.377843     0.452607     0.471659     1.431572     0.633272     0.634888
    0.050804    -0.253856    -1.242303    -0.018849     0.109697    -0.727812     0.486433    -0.142417    -0.816799     0.461678     0.666094     0.874842
    0.714056     0.114404     1.109764     0.531202     1.421912     1.290177     0.964892     0.928941     0.806122     0.664235     0.539534     0.283913
    0.938523     0.876897     0.395767     0.962558     1.865829     0.913268     0.776868     1.058449     0.849059     0.182913     0.307505     0.082552
   -0.037900    -0.159960     0.556358     0.249374     2.190271     1.469295     1.264905     1.488883     1.523528     0.185834    -0.055819    -0.305248
    0.086771     1.171650     0.112685     0.142630     0.640232     1.100797     1.287847     1.185758     1.245121     1.832095     1.062709     0.256154
   -0.439897    -1.661084    -0.606967    -0.042016     0.471296     0.860251    -1.186767    -1.100142    -1.818594     0.214509    -0.758302    -0.868650
   -1.897208    -2.296894    -1.984480    -0.979922    -0.586848     0.237670    -0.209396    -1.844401    -0.632952    -1.404364    -1.272657    -0.269394
   -1.293444    -0.338907     0.194580     0.780805    -0.471021     1.007256    -0.821201    -1.016177    -1.673727    -1.185545    -1.350487    -0.932920
    0.417644     0.672138     0.147527     0.359133     0.236270    -0.540087    -1.095999    -0.932537    -0.699653    -0.786705    -0.804672    -1.014850
   -0.170581     2.082943     0.101740    -0.051593     0.709628    -0.605716     1.142480     0.894705     1.350843     1.338562     0.667928     1.182104
    1.905650     0.996055     0.119236    -0.166160     1.228749     2.157504     1.714134     2.305690     2.121667     1.222979     1.012143     0.948398
    2.127240     1.909779     1.227395    -0.135891     0.648079    -1.030658     1.168963     1.037435     0.805533     0.079242     0.267910     0.043047
   -2.239783    -1.728264    -1.318857    -0.810360     0.834908    -0.225518    -1.038869    -1.550752    -0.780707    -0.991474    -1.490225    -0.857567
   -1.083229     0.177619    -0.935729    -1.341410    -1.258910    -1.363013    -1.331776    -1.705877    -1.508932    -1.799013    -0.927597    -1.900076
   -1.100223    -0.510487    -1.252596     0.446808    -0.399289     0.532216     0.651746     0.970339     0.775396     0.558866     0.504620     0.789890
    1.599238     1.174809     1.687588     1.252806    -0.371719     0.816455     2.117442     2.003634     1.462105     1.559286    -0.062112     1.119010
    1.940915     0.985010     1.093478     0.575774     0.823296    -0.412398     1.540092     1.796424     1.020634    -0.698950    -0.579854     0.374583
   -0.290915    -0.256668     0.281146     0.887163     0.992533     1.391331     1.201930     0.595360     0.401107     0.100584    -0.757829     0.076912
   -0.097095    -1.148692    -0.068607    -1.228931    -1.357203    -0.544030    -1.289275    -0.447615    -0.636132    -0.460172    -0.456990    -0.306332
    1.847626     0.543046     1.995166     1.374975     0.245841     0.481503     0.785426     0.206410     0.805465     0.565834     0.735101     0.885599
    0.603647     1.536615     0.898023     1.399357     1.193135     0.345481     1.661195     0.962686     1.063736     2.192711     1.544265     0.758026
   -1.850406    -1.780881    -1.983752    -0.578759     0.688745    -0.477710     0.197034     1.245131     0.348195    -1.166949    -0.385163     0.253115
   -1.122437    -1.288678    -0.841774    -1.874776     0.358434    -1.578926    -1.357274    -0.656811    -1.103738    -1.448174    -2.030529    -0.933428
   -2.072538    -0.459191    -0.037615    -0.936526    -2.123761    -1.183972    -1.522844    -1.853938    -1.615988    -1.897094    -1.829986    -1.364204
   -0.114866    -0.406015     0.709061    -0.548893    -0.179428    -1.142661    -1.599762    -2.404241    -1.633883    -0.502182    -0.947780    -1.283608
   -0.834706    -1.938529    -1.503769    -1.641802    -1.523342    -1.363133     1.175713     0.096093    -0.297610     0.419429     0.423084    -0.383514
   -1.457126    -1.053474    -2.055598     0.102600     0.167005    -0.757778    -1.501376    -1.147453    -1.900361     0.832473     0.333123    -0.185065
    1.342367     0.409905     1.247210    -0.764008    -0.598345     0.251016    -1.164559    -0.315709     0.090942    -0.617418     0.182418     0.032209
    0.182880    -0.243949    -0.506420     0.874569     0.396723    -0.189801     1.312380     1.694109     0.912194     1.769952     1.230425    -0.053581
   -0.123134     1.162692     0.939419     0.740895     0.752287     0.717380     0.759639     1.500725     1.743469     1.068556     1.205933     0.570485
    0.462269    -0.555365     0.381698     0.030471     1.295870     0.815245     0.725884     0.761664     0.029438     1.622485     0.798880     0.526797
    0.232134    -0.017731    -0.147789     0.581696     1.426372     0.074594     1.660559     2.395273     1.624756    -0.073192     0.412591    -0.674083
   -1.320795    -1.761585    -1.733057    -0.214134     0.360789    -1.068660    -2.305269    -1.760304    -2.364826    -3.015123    -2.080306    -1.266826
    0.986886    -0.128990    -0.647004     1.859480     1.000837     0.308560     3.366661     2.113053     2.844821     2.606195     0.894547     1.194884
    0.035796    -0.833573    -0.671573    -0.722635    -0.359527     0.703984     0.951486     0.564982     1.271337     0.128072    -0.784395     0.133362
   -0.266780    -0.584782    -1.345822    -0.637620    -0.714580     0.055689    -0.742248    -0.747709    -1.227593    -2.182385    -0.422461    -0.528054
    0.095799    -0.038299     1.107783    -0.008069    -0.677934    -0.760186    -1.889330    -1.048170    -0.683578     1.059560     0.171551    -0.553321
   -0.813215    -0.988675    -1.381265    -0.756285    -0.383485     0.191735    -1.395275    -0.630713    -0.929379    -0.138575    -0.461670    -0.716820
   -0.419581     0.539241    -0.156406    -0.338165    -0.529162     0.187345     0.003415     0.480291     0.490189     0.896979     0.002073     1.485893
   -0.974929    -1.003821    -0.659427     0.269828    -0.571755     0.739602     1.150611     0.375825     0.777806     1.328471     1.223888     1.380232
    0.431814     0.100606    -0.765223     1.024340     0.922429     0.031448     2.524017     2.635912     1.814149     2.446560     1.234827     0.090249
   -0.715596    -1.032091    -0.398308     0.362225     0.401623    -0.700555    -1.211438    -1.115538    -0.715268    -1.533182    -0.919803    -0.843116
    1.077085     0.071240     1.375817     1.209337     1.372907     0.769658     0.639180     0.228767     0.580707    -0.448268     0.533678    -0.428354
   -0.495311    -0.957731    -0.320034     0.653506     0.638471     0.658026     0.384157     0.176657     0.550412     0.705258    -0.487326     0.786730
   -0.683982     0.730509     0.960112     0.195610     0.456729     0.078457    -0.084583     0.023600     0.167112     1.124013     1.509666     0.951058
   -1.070350    -0.635913    -0.914209     0.432196    -0.142492     0.511008    -0.754389    -1.004773    -0.659279     0.725319     0.152384     0.740507
   -1.128239    -0.688833    -1.896390    -2.146437    -1.642176    -1.845057    -3.970711    -2.700602    -2.764195    -1.381081    -1.297201    -1.427284
    1.102405     0.958878     1.569607     0.028876     0.267388     0.065429     2.252254     1.514461     1.409540     0.949125     0.987793     1.056009
    0.218426    -0.404030     0.407795    -0.156974    -0.576525    -1.084221    -0.098038     0.233670     0.726276    -0.375382    -0.541546     0.057972
    1.874951     2.492281     0.835019     2.025435     1.213983     1.168907     3.025846     1.608565     1.828977     1.495669     0.855071     0.565701
    0.421288     0.484423     0.684055     0.096768    -0.322206     0.726860    -0.080850    -0.012613     0.059606    -1.277589    -1.509182    -0.090246
   -1.390336    -0.522888    -1.195614     0.701326    -0.057012    -1.466952    -0.656353    -0.471106    -0.202573     0.092681    -0.340755    -0.219258
    0.855812     0.517635     0.646756     0.818814     0.294325    -1.326210     0.381591     0.125572    -0.106524     0.240981     0.555707    -0.354731
    0.064952     0.505516     0.643785     0.304021    -0.036605     1.458408     0.211625     0.042039     0.395041     0.765305     0.787809     0.066636
   -0.052235     0.060694     0.673976     1.534093     1.767378     0.128031     1.274302     0.174720     0.196127     0.756208     0.638793     0.539689
    0.695194     1.211751     0.533697     1.039808     0.919272     2.041378     1.717554     0.814615     1.540079    -0.765479    -0.481096    -0.626990
    0.701175     1.867646    -0.817711     0.149974     0.089727     1.212808     1.532363     0.763958     1.213569    -1.712501    -1.508118    -1.104274
   -0.181187     0.028585     0.222806     1.773979     1.006896     1.331787     1.096684     0.946937     1.268193     1.791793     1.291287     0.762883
    0.032331    -0.936055    -0.090129    -0.974533    -1.433955     0.141653    -0.589053    -0.476864     0.051441    -0.526919    -0.426054    -0.080736
    0.282394    -0.581000    -0.161241     1.356137     0.156210    -0.242974     1.335245     1.354789     1.586973     1.557022     0.319677     1.041646
    0.386583    -0.095089    -1.024016     0.447865     1.264792     1.260984     0.247017     0.141073     0.415206    -0.531656    -1.272317    -0.510269
    0.457741     0.403526     0.304853     0.166778     0.473018    -0.108630     0.867391    -0.927553    -0.066574     1.077327     0.479434     0.784203
   -0.028513     0.659138     1.258812     1.388104     1.791115     2.046283     1.620092     1.436518     1.268184    -0.684097     0.487070     0.648998
    0.312406    -1.092942    -1.755625    -0.857333     0.592633     1.212393    -0.188059    -0.433161    -0.421232     0.324926     1.147411    -0.139655
   -0.525061    -0.054612     0.458426    -0.456560    -1.472065    -1.151798    -1.451623    -1.041925    -0.774154    -0.794219    -0.009844     0.305840
    0.425901     0.204254    -0.739566    -0.174438    -0.291859     0.054618    -0.645646     0.217200    -0.246862    -0.772643    -0.374289     0.572428
    0.621496     0.221368     1.371407     0.218809    -1.236070    -0.331027    -0.581831    -1.340060    -0.854995    -0.966050    -0.530084    -0.139894
   -0.465622    -0.652190     0.044735     1.463686     1.585044    -0.159120     0.709821     0.175099     0.650029    -0.677407    -1.208139    -0.895532
    0.736647     0.731206     1.950740     0.421276     0.457928     0.846812    -0.369992     0.437281     0.298551     0.413845    -0.057439    -0.602228
   -0.694936    -1.024940    -1.256680    -0.527333     0.198668     0.740156    -0.688584    -0.797869    -0.073136     0.109071    -0.160591    -0.208182
   -0.162574     0.492328    -0.699992    -0.282602     0.607292     0.915294     0.607315     0.935853    -0.579891     0.390315     0.195058     0.741886
   -0.553192    -0.204395    -0.331948    -0.298915     0.886051     0.026139    -0.711587    -0.653662     0.187304    -0.962647    -1.589943    -0.499992
   -1.923468    -2.557951    -1.170317     0.475536     0.909031     0.583270    -1.932813    -1.193351    -0.872594    -1.049048    -1.475328    -0.967629
    1.415655     1.266973     1.170292     0.631158     0.272601     0.612607     0.549292     1.816606     1.412378     0.367756     0.866767     0.710905
   -1.541687    -0.871571    -1.824866     0.921879     0.386159     0.133193    -0.541517    -1.581702    -1.211752     0.197031     0.313795    -0.414714
   -0.862376    -0.229997     0.394206     1.395723     0.550535     0.820676     1.815060     0.933004     1.422283     1.273799     1.154757     1.111050
    0.666340     2.607479     1.544620     2.876398     1.639993     1.554334     2.881545     2.703054     2.539194     0.931190     0.518480     1.184518
   -1.285852    -0.191817     0.163883    -0.069222    -0.292354     2.096139    -0.872725    -1.574213    -1.345223     0.289063    -0.084515     0.240211
   -0.486365     0.616781     0.117851    -1.160900    -1.047592    -2.269865    -2.771273    -2.001316    -1.631876    -1.445253    -0.898291    -0.665700
    0.953030     0.421190     0.421250     1.142062     1.582992     2.611493     2.388777     3.070516     2.781389     0.753089     1.388479     0.919118
    0.145183     0.472714     0.456070     0.423332     0.040032     0.176707    -0.443994    -0.751747    -0.531012     0.274318    -0.381431     0.016507
    0.580365     0.413000     0.426038     0.160774     0.070976     0.404531     0.717374     0.964704     1.331719     0.620970     0.153063    -0.086131
   -0.194266    -1.461338    -1.294916    -0.928316    -0.783583    -0.434754    -0.959759    -0.646372    -1.936764    -1.984604    -0.594047    -0.186123
    0.806117     0.792251    -1.050902     1.161370     1.087165     2.974240     1.192659     1.556222     1.076853     0.931284     0.592278     0.391432
    0.175808     0.590412    -0.730815    -1.027763    -1.651684    -1.058945     0.364860     0.956643     1.017464     0.495960     0.185436     0.381646
   -0.728947    -0.207041    -0.889539    -0.894069    -0.611472    -1.864785    -1.357681    -2.421822    -1.611826    -0.602141     0.257635    -0.507811
    0.331599     0.958675     0.721594    -0.189931     0.014053     0.214954     0.844684    -0.174889     0.664372     0.714526     1.602533     1.172766
   -0.569308    -0.879849    -0.262679     0.193542     0.151445    -0.211126    -2.619317    -2.904400    -2.866292    -0.758558    -0.471213    -0.757205
   -0.335051    -0.135867     0.252860    -0.041065    -0.722999     0.438150    -0.182171     0.209041    -0.789529     0.280924     0.096034     0.320258
   -0.418452    -0.404892    -0.510083    -0.526310    -0.665713     0.138651     0.168266     0.637903     0.871111     0.544522     0.547818     0.844509
   -0.060441    -0.384218    -0.005712     0.504192     0.670935     0.798930     1.991380     0.934043     0.939306     1.579478     1.330069     0.917594
    0.820192     1.613395     1.143491     0.510556     0.582963    -0.141848     0.795148     0.849204     0.607480     0.914931     1.339362     0.312806
   -0.228598    -0.410878    -0.354174     0.381468    -0.439409     0.619476    -0.781318    -0.330713    -0.080834    -0.997991    -0.263880    -0.132455
   -0.519606    -0.786927    -0.368333    -0.394852    -0.037350    -0.887364     0.457421     0.597965     0.623252     0.222697     0.429840     0.123580
    0.067438    -0.266601    -0.540886    -0.807584    -0.305549    -1.047721    -0.059084    -1.005290    -1.234000    -0.441722    -0.302575     0.072267
    1.744989     2.573117     0.200572     0.546697    -0.013021     0.010234     1.091674     1.075570     0.580388    -0.421374     0.000510    -0.395940
   -0.394014    -0.496745    -1.796235    -0.832126    -0.963573    -0.846842    -1.981039    -1.693534    -1.632342     1.181495     1.125673     1.304630
    0.731624    -0.125733    -0.404154    -0.814451     0.494887    -1.455230     0.155220    -0.049794    -0.435249    -0.231973     0.048975     0.790959
   -0.147667    -1.872069    -0.989468     0.607960    -0.660173    -0.623339    -1.267574    -1.186456    -2.012641    -2.224493    -2.187452    -1.563039
    1.975226     2.701842     1.634677     1.206404     0.846378     2.252353     1.963629     2.329692     2.329923     1.418137     0.971421     0.741056
   -0.442776     0.157285     1.019487    -0.345626    -0.348104     0.008559    -0.565988    -0.487081    -0.145993     0.271126     0.203432     0.065049
    0.353901    -0.429372     0.748358     0.842904     0.092862     0.174518     0.628815     0.624765     0.153291     1.269450     1.771117     0.668139
    0.930829     1.408048     1.410561     1.001390     1.525668     1.925723     3.757770     1.993846     2.894595     2.246311     1.435198     1.238177
   -0.086819    -1.606839    -1.180393     0.164029     1.333110    -0.008534    -1.742212    -0.581934    -1.154590    -1.167830    -0.276437     0.011891
   -0.490737    -1.672316     1.082744    -0.105348    -0.386679    -0.145738    -0.153218    -0.603975    -0.775490    -2.072287    -0.844449    -0.826515
    0.856256     0.675498     0.036322    -0.194404    -0.350549    -0.204603    -0.587891    -0.865289    -0.133712    -0.145266    -0.702766     0.398947
    0.105553    -0.052400    -1.474699    -0.637321    -0.074796     0.035941    -0.018425    -0.153413    -0.600345    -0.596318     0.020456    -1.090530
   -0.555388    -0.274100    -1.326895    -0.212591    -0.246044    -1.703541     0.782230    -0.646943     0.310727     1.316379     1.773699     1.955739
   -1.121450     0.194595    -0.657968     1.233494    -0.382260    -0.940796     0.548512     1.171972    -0.104077     0.715850     0.381962     0.969256
   -1.146550    -0.712517    -0.765123    -0.239430     0.479480     0.085870    -2.315337    -0.964064    -1.471352    -1.427844    -1.278663    -1.181360
    1.924244     1.335658     0.586139     0.598318    -0.216509    -1.104064     0.118882    -0.649459     1.008604     0.266374    -0.788313    -0.737683
    0.929494    -0.758706     0.878707    -1.976402     0.618135    -0.588240     0.135086    -0.057316    -0.568504     0.417147    -0.034049    -0.124568
   -0.519719    -0.567701    -0.463796    -0.502967    -1.157710    -1.172883    -1.199198    -0.804899    -0.197060     0.352499     0.395368     0.432281
    0.977231    -0.372784    -0.750272     0.521784     0.208453    -0.580280     0.397577    -0.228311    -0.167714    -0.934397    -0.041423    -0.463691
   -0.081066     0.468483    -0.572519    -0.879855     1.203488    -0.260408    -0.259559    -0.760005    -0.743565    -1.567626    -0.071441    -0.358992
   -1.568192    -2.569363    -1.231574    -1.150011    -0.406652    -0.076579    -1.794468    -0.506876    -1.368704    -1.772501    -0.851779    -1.656395
   -0.683184    -0.145363     0.772377     0.363540    -0.088637    -0.089353    -0.480070     0.497719     0.389067     1.654131     0.938402     0.718258
   -0.391895    -0.593987    -1.343925     0.418489     0.188649     0.866942     0.524284     0.619070     0.329305    -1.066880    -0.149719    -0.694720
    0.607208     1.559093     0.643003    -0.079445    -0.025669     1.345097     0.886807     1.619699     0.578464     0.965472     0.155164    -0.071730
   -0.469416     1.728906     0.625235     0.397914     0.004426     1.269525     0.494489    -0.077709     0.131663    -1.700146    -0.809608    -0.978891
   -1.972750    -1.856726    -0.949757     0.614247     0.426474    -0.016099    -0.643217    -0.378675    -0.214108    -1.649572    -1.448397    -0.862266
    0.504952     0.842008     1.013706     1.700118    -0.544519     0.719937     2.988267     2.770130     1.791030     2.537402     1.936183     1.964163
   -0.497756     0.076673    -0.266412    -1.831429    -2.096430    -2.035328    -0.212931    -1.221925    -1.085334    -0.378546    -0.135985    -0.837747
   -1.132228    -1.005772    -1.849604     0.092644     0.136559    -0.703565    -1.320539    -1.416811    -0.897100    -0.995768    -0.812191    -0.666196
   -0.021085    -0.546999    -0.018526    -0.048768     0.522109    -0.512298     1.138376     1.356500     1.559506     0.035204     0.252924    -0.044303
   -0.689153     0.277435     0.416605     2.015567     1.900455     0.370243     0.788055     0.622901     0.144538     0.332669     0.343810     0.983816
   -0.540531    -0.656828    -0.555524    -1.701506    -0.795773    -0.342041    -2.042791    -1.792703    -2.044018     0.167580     0.046798     0.439459
    0.876890     0.347888    -0.056177     0.301732     1.584625     1.651083     2.018459     0.857739     0.510251     0.900299     0.613503    -0.657675
   -0.163371     0.003007    -0.587136    -1.469194     0.079148     0.031447     0.427425     0.040992     0.741059    -1.298573    -0.771483    -1.261869
    0.461364    -0.344202    -0.229057    -1.650880    -0.979860    -0.015851    -0.285011    -0.303699    -0.203221    -0.173777     0.114287     0.152819
   -0.649055    -0.792184    -0.975643    -0.449052    -0.274814    -0.631461     1.155513     0.121340     0.229767     0.406248     0.998075    -0.080328
    0.014288     0.341427     0.661947    -1.660677    -0.332735    -0.745149    -0.570627    -0.439124    -0.616923     1.054123     0.267951     1.253663
   -0.661198    -0.801776    -0.773008    -0.916272    -0.531285    -0.848727     0.128928     0.349562    -0.992952    -1.314666    -1.103365    -1.171845
   -0.189375     1.135757    -0.863556     1.093344     1.725028     2.364390     0.787254     0.626881     0.115516     0.738208     0.281196     0.224875
    1.459233     2.072577     1.181847     0.380894     0.156807    -0.559745     1.984911     2.307900     0.962007     1.668116     1.950491     1.146456
    0.444566     0.519987    -0.503372     0.098409     0.639156     0.845415    -1.256074     0.033626    -0.539435     0.426659     0.068151     0.593679
    1.015919    -0.155124     0.408652    -0.534534    -1.296183    -0.868243    -0.130363     0.655511    -0.384667     0.097720     0.331360     0.172018
   -0.167390     0.206093    -0.245938    -2.031767    -1.582365    -2.116425    -1.336614    -1.556463    -1.141180     0.187670     1.005296    -0.543675
    0.951340     1.218305     1.249752     1.504750     2.062435     0.409381     0.869693     0.373096     1.276100     0.339022     0.273629     0.542627
    0.631993     0.464720    -0.282006     0.755586     2.249669     1.707855     1.720723     0.801586     1.215989     2.612394     0.838611     1.127954
    1.229116     2.335706     1.180569     0.260296     0.151292     2.275310    -0.611683    -0.434108     0.365216     0.086909    -0.323400     0.078042
   -0.370105    -0.512330    -1.261326     0.758116     0.260359     0.234615    -0.263209    -0.048016     0.458737     0.293663     0.478338     0.019509
    1.477398     1.917079     1.476083     0.153765     0.415244    -0.045056     1.608753     2.516486     1.750096     1.349853     1.255804     0.419105
    0.050464     1.604899    -0.263328     1.349659     1.035364     0.257153     1.291225     0.359178     0.490296    -1.428462    -0.636805    -0.383622
   -1.280062    -0.930806    -1.119317    -0.585618    -1.957448    -0.775221    -1.620265    -1.491768    -1.535954    -1.902953    -1.598644    -1.356449
   -0.870837    -0.042509    -0.301072    -1.767239     0.938034    -0.701730    -0.487320    -1.250408    -0.034734     0.497018     0.089442     0.181914
   -0.467547     0.592761     0.725336    -0.677104     0.179338    -0.629202    -0.489185    -0.095791    -0.440704     0.102642     0.027990     0.412118
   -0.118150    -0.729269    -0.593166    -1.124364    -1.743904    -0.673723    -1.050990    -1.629730    -0.516437    -0.137398     0.112322     0.592614
   -0.464367     0.504843     0.763874     0.846216    -0.843833     0.619795     0.813529     0.666221     0.734152     0.039169    -0.472108     0.009919
    0.011437    -0.000171    -1.339298     0.970165     0.548081     2.735994     2.131444     2.408251     2.135824    -0.256182     0.501008     0.046495
   -0.841555     0.555745    -0.790355    -0.314455     0.050476     0.175091    -1.111764    -0.914988    -0.702511    -1.070629    -1.243818    -1.146872
    1.134754     1.083855    -0.012081     0.431639     0.469769     0.594761     1.743240     1.863583     2.105038     0.272365     1.008170     0.925868
    0.265618    -1.771862     0.672427     0.492820    -2.166380     0.213893    -0.622448    -0.283586    -1.313339    -0.268134    -0.046783    -0.840781
    1.105209    -0.478603     1.234517    -0.695569     0.554440     1.237958     0.662301     0.795131     1.399249    -0.623358    -0.671271    -0.393479
   -0.797510    -0.334867    -1.117453     1.355548     0.325067     0.539796     0.018504     0.202159     0.257234    -1.736826    -1.198059    -2.293379
   -1.111611    -1.034336     0.172870    -0.802216    -0.811032    -1.335411    -0.938157    -1.134933    -0.676892    -0.092446     0.063298    -0.080130
   -0.975967     0.457783     1.210107     0.945937     1.069586     0.936976     1.200674     1.335016     0.170967    -0.180748     0.021069     0.061582
    0.212102    -1.093487    -0.447181     0.042784     0.982849    -0.383128    -1.070904    -0.757484    -1.059230     1.148410     0.350980     0.238494
   -0.506650     0.809663     0.110824     0.876796     0.227813    -1.220068    -0.478268     0.053253     0.647413    -0.607664    -0.164951    -0.370341
   -1.187806    -2.056182    -1.088460    -1.330793    -0.891489    -2.093816    -2.000977    -2.120296    -3.202826    -0.313335    -0.194519    -0.755458
   -0.838363    -0.994894    -0.295599     1.129648     1.503315     1.679452     0.343365     0.555972     0.215169    -0.734631     0.500850     0.520333
    0.538819     0.351821     1.336041     1.919475     2.263897     2.000273     1.181195     2.106718     1.459003     1.582304     0.424142     1.761613
    0.797225     0.856267     0.944293     1.087578     0.020210     1.598728     0.066334     0.545953     0.463502    -1.384511    -0.773576     0.166718
   -1.456766    -0.474861    -0.413879    -1.041544    -0.777477     0.423540    -0.849315    -0.644753     0.023173    -0.351995    -1.087427    -0.928413
   -0.999623    -1.174370     1.104171     0.428023    -0.961128    -0.223781    -1.670222    -1.093506    -0.926712    -1.542983    -1.149502    -1.754417
    0.708893     0.622850     0.625214     0.895794     0.806457     1.487370     0.869885     0.549310     0.715686     1.312467     0.320692     0.063358
    1.399705     0.991903     0.691102    -0.847310    -1.288851    -1.337796    -0.531834    -1.217297    -1.542629    -0.822982     0.139638    -0.191356
   -0.587067    -1.230324     0.171212     1.153921     0.788609     1.121796     1.063344     1.308841     0.490128     1.053481     0.893972     1.226596
    0.877083     0.675041     1.024044     0.440656    -0.166721     1.757030     2.030747     0.817048     1.982444     2.093870     1.140258     1.752835
    0.105726     0.247656     0.407167    -0.407229    -0.854582    -0.144830     1.052230     0.946761     1.222426    -1.729978    -0.516417    -0.738582
   -0.624703    -1.457888    -1.206026     0.336330    -1.283591    -1.095693    -2.118257    -1.840317    -2.014717    -1.903866    -1.404269    -1.379982
   -0.726181    -0.449996    -0.274896    -0.090443     0.111849    -0.525119    -0.537611    -0.432340    -0.382480     0.571579     0.615017    -0.250593
   -0.696896    -0.480352    -0.189607    -0.424422    -1.041358    -0.560547    -2.323236    -1.792753    -2.107691     0.614555     0.108106    -0.809097
    0.914286     0.651712     0.920030     1.068013     1.189137    -0.473593    -0.265508    -0.005510    -0.375419     0.331568    -1.069841    -0.635540
    1.654113     0.685519     0.988719     1.100516    -0.353237    -0.623360    -0.881693    -1.014857    -0.447237    -1.410725    -1.256785    -1.375052
    0.555733     0.722059     0.477529     0.596378     0.409247     0.702893     0.551879     0.568437     0.164993    -0.644827    -0.293679     0.305639
   -1.289962    -0.746012    -0.790245    -2.487919    -1.330688    -2.146547    -0.778502    -1.196891    -0.942469    -0.571421    -1.168055    -1.059994
    1.290125     0.582074     1.753970     1.355757     0.488246     0.628452     1.351157     1.188906     0.810097    -0.118793     1.023712    -0.361799
   -0.624668    -0.862222    -1.849614    -0.558775    -0.734561    -1.879789    -0.145107    -0.902846    -0.314380     0.536802     0.047207    -0.710919
    0.806032     0.856335     1.740412     1.936779     1.603843     2.295825     1.311568     2.214951     1.760465    -0.165464    -0.034734    -0.819087
    0.466149     2.093355     0.044034    -1.339434    -0.094000    -1.192442    -0.710298    -0.293065    -0.565409    -0.225886    -0.099364     0.307877
    1.549268     0.527159     0.130040    -0.133002    -0.189249     0.809053    -0.254671     0.597787     0.192346    -0.544424    -0.660968    -0.472793
    0.989713     0.967731    -0.730427     1.104208     2.084386     1.366375     0.183657     0.795814     0.709133     0.380128     1.074269     0.885545
    0.252607     0.410117    -0.238466     0.828771    -1.108510     0.228502    -0.480916     0.367762     0.137820     0.235014     0.494544     0.517590
   -1.164508     0.606325    -0.305006     0.364996    -0.297503    -0.708546    -0.976275    -0.855478    -0.925603     0.541209     0.671802    -0.324266
    0.367415     1.602518     0.377326     1.017034     0.221205     0.270850     0.340905     0.180757    -0.005249     0.124949     0.759002     0.711939
    1.256365     1.065067     1.858699     0.096849     0.502706    -0.294384     0.123260     0.505569     0.871538    -0.553845    -0.358648     0.048240
   -1.437251    -0.974320    -0.685322     2.184070     0.962425     1.099990     1.657919     1.906895     1.656299     0.897495     0.653603     1.242855
    0.279943    -0.499101    -0.379540     0.770089     0.825904     2.222044    -0.880093    -1.253236    -0.642422    -1.889743    -0.365114    -0.484370
    1.115461     1.902421     0.412209     3.184564     2.469532     2.490481     2.027419     1.972849     2.339916     1.591637     0.020824     0.857946
    1.201486     0.415803    -0.807943     0.255461     0.863153     0.826993    -0.315635    -1.136151    -0.432737    -1.241240    -0.856505    -0.515157
    0.174256     0.749933     1.952890     1.201540     0.506113     0.198379     1.538434     1.170539     0.990976    -0.109495     0.083126     0.165127
    2.411714     2.092534     1.062806     0.559985     0.131714     0.260104     1.612839     2.513373     1.280461    -0.528084    -0.580630    -0.449042
   -1.895979    -1.076994    -1.188316    -1.310865     0.260100     0.717711     0.232874     0.228423    -0.077801    -0.523704     0.612226     0.371319
   -0.324392    -1.106533    -1.533397     1.040937     0.052278     1.104380    -1.213550    -0.216298     0.314684     0.107863     1.280750     0.503679
    0.507632     0.314806     0.649586    -0.084607    -0.271661    -0.099795     0.812281     0.725858     0.963760     0.911497     1.195832     0.058634
    0.803942     0.792311     0.636909    -0.238238     1.098624    -0.229546     0.787279     0.771614    -0.621775    -0.053042     0.554367     0.132101
    1.274124    -0.731561    -1.207969     2.121407     1.300027     1.950912     0.789232     1.455125     0.421540     2.037145     1.993858     0.886151
   -1.395727     0.751504     0.394139    -0.338014    -0.125794    -0.379469    -0.511601    -1.253603    -0.162719    -1.425747    -0.201535    -0.834935
   -1.881376    -1.250426    -1.698964    -0.352926    -0.076384    -0.848720    -1.504253    -0.773778    -1.439866    -0.066341    -0.181893    -0.640933
    0.426312     0.671177    -0.409304    -1.560399    -1.836210    -1.368159     0.179105     0.246153     1.214795     0.651143     0.973337     0.048188
    0.230930     0.157499     1.322981     2.220221     0.426225     0.389464     1.909113     1.175880     1.385626     1.979021     0.780268     0.851215
    1.382658     1.281047     2.488394     2.427326     2.148344     2.302044     2.156223     1.706480     2.300472     0.544838     0.479652     1.243537
   -0.135969     0.520118    -0.093835     0.524818     0.272433    -0.988083     0.200859    -0.275649    -0.168995    -0.161299     0.313036    -0.667796
    1.792544     1.194233     0.763319     1.604969     1.020629     1.044129     2.380606     2.453412     2.967387     1.562759     1.076872     1.584980
    1.520079     0.795994     0.371668     1.642546     1.435512     0.387367     2.216146     1.810350     2.054383     1.860799     2.208418     1.853631
    2.113255     1.230087     0.651559    -0.914448     0.648811     0.188411    -0.673266    -2.132092    -0.108174    -0.818941    -0.324509    -0.617128
   -0.118915     0.104413     0.498698    -0.245418     0.252148     0.292255    -1.623396    -2.131750    -1.308575    -0.933642    -0.178602    -0.062962
    0.903047     0.295290     0.641836     2.144803     2.089734     1.827176     2.985867     2.727845     2.286182     0.715351     1.095097     0.991674
   -0.274224     0.891623     1.675449     0.863741     0.031815    -0.562828    -0.892616    -0.655259    -1.238363    -0.818963    -0.839170    -1.169600
    0.134721     0.059182    -0.558854     1.339330     1.213665     0.716240     0.700767     0.629812     0.068079    -0.887121     0.046601    -0.460453
   -2.519265    -1.171950    -1.593342     0.114703     0.517735    -0.199856     0.026726    -0.276261     0.445932    -3.111140    -1.417509    -1.361357
   -1.040841     0.605113     0.984367     0.976719    -0.211895     1.103061     0.808088     1.141397     0.828533     0.970374     1.391695     0.833487
    1.317674     0.661470     2.832424    -0.021805     0.519083     0.705508     1.920397     1.863845     2.334373     1.625926     1.619808     0.992155
   -0.243119    -1.796719    -1.765507    -0.914763    -0.919851     0.029646    -1.138739    -0.277569    -0.565240     0.855737     0.653328    -0.338249
    0.723809     0.944012     0.504297     0.334720    -0.900909    -0.393123     1.472400     0.948890     1.811562     1.156756     0.677856     1.533456
    0.625018     0.060958     0.632938    -0.351877    -0.256332     0.363590    -0.739781     0.138555    -0.670703     2.227183     1.095719     1.474022
    1.385260     0.695929     0.207477    -0.533079     0.275892    -0.608615     0.830574     1.201740     0.577387     1.176221     0.226508     0.970173
    0.591923     1.213691     0.709699     0.397643     0.932124     0.215455     1.819751     1.425573     1.563853    -0.450084    -0.118825    -0.456363
   -0.479806     0.532657     0.761272    -0.215947    -0.703665    -0.565217     0.299388    -0.064077    -0.819907    -1.185994    -0.729752    -0.926699
   -0.973471    -2.252242    -1.070114    -1.513377    -1.144594     0.049672    -3.322776    -2.177161    -1.603829    -1.115538    -1.466675    -1.092297
   -2.898428    -1.651560    -1.498206     0.322448    -0.988087    -0.025942    -0.200181    -0.412720    -0.322072     0.488473     0.150258    -0.224570
   -0.358799    -1.047506    -0.764291    -1.863691    -0.733222    -1.016298    -2.426858    -2.684917    -2.577969    -1.420867    -0.903772    -0.722947
    0.190626    -0.395774    -0.139106    -1.243460    -0.910877    -0.805415    -0.812709    -0.434458    -1.341298     0.558957     0.035341    -0.178202
    0.827005     0.525016    -0.318027     0.020913    -0.289374    -0.962987    -0.780052     0.224234     0.278131     0.503911     0.566373     0.444883
    0.310633     0.007085     0.045336    -0.722130    -0.966810    -1.291573    -1.862130    -1.357797    -1.114575    -1.127341    -0.478081    -0.388970
    0.069874     0.782161     1.983630    -0.050852     0.561427    -0.130540    -0.972342    -1.254266    -0.840603    -2.157431    -1.616901    -1.778688
   -0.805818    -1.608419     0.915861     0.450197    -0.257075    -0.744820     0.371029     0.549470     0.466651    -1.032583    -0.740717    -1.229836
    0.567490    -0.471460    -0.152841     0.414461     1.080471    -0.269785     0.513258     0.028043     0.184118    -0.262529     0.366304    -0.063626
   -2.785792    -1.857923    -0.727755    -1.305174    -0.792648     0.362688    -2.705154    -1.964050    -2.972712    -2.156980    -1.322241    -1.518899
   -0.019713    -0.923465    -1.797863    -1.387109     0.235126    -0.184974     0.742953    -0.295935     0.383866     1.166303     1.079043    -0.279063
    0.767012     1.001620    -0.638417    -0.378496     0.571591    -0.010915     0.974797     1.197711     1.332459    -1.045561     0.005625     0.533601
    2.421177     0.892455     1.725008     1.525874     4.072111     2.635761     2.680587     2.414077     2.085746     0.853295     1.317152     0.491323
    0.089969    -0.456193     0.945631    -0.282479    -1.000318    -1.630548    -0.612323    -0.558303    -0.700751    -1.727207    -0.732476    -0.318471
   -0.375781     0.251351     0.375663    -0.498758    -1.056146     0.018473    -0.176168    -0.118146    -0.359478    -0.395837    -0.542224    -0.246427
    0.082469     1.398376     0.196456    -0.293699     1.223354     1.386031     1.656806     1.512789     1.444581     1.484804     0.741049     0.390675
   -0.728690     0.500940    -0.471469     2.232936     1.259369     1.668592    -0.028730    -0.663646     0.273927    -1.099303    -0.052796    -0.538834
   -1.597027    -0.654899    -1.216268     0.609237     0.236261     1.054563    -1.204872    -1.075684    -0.793886     1.004598     0.760612    -0.408862
   -0.268967    -1.125194    -1.357319     1.537218     1.350498     0.796121     1.143360     1.374967     0.922487     2.266626     1.554237     1.771363
    0.068525     0.560590    -0.322772     1.475385     0.161025    -0.053176    -0.406251     0.557908     0.961299     0.808228    -0.555945    -0.622244
   -0.017038     0.871922     0.694394     1.196693    -0.216873    -0.194390     0.423915    -0.431984    -0.490067     1.085265     0.649618     0.520144
    0.420192    -0.221207    -0.157101    -2.228112    -2.487102    -1.107044    -0.344170    -1.752636    -0.678595    -0.558302    -0.193481    -0.413131
   -1.487130    -0.328578    -0.533388    -0.555735    -0.493636    -0.351231    -1.088309    -1.387478    -0.977771     0.530741    -0.128001     0.114691
   -0.559276     0.510404     1.036491    -0.152975     0.106724     0.738110     0.797407     1.697176     0.445363     0.438887     0.275675     0.219719
    0.758529     1.170038    -0.042814    -0.129226     0.743733    -0.129883    -0.882110    -0.775944    -0.817340    -0.120790    -0.033670     0.563377
   -0.551352    -0.902985    -0.889661    -0.889702     0.410735    -0.869489     0.853361    -0.177184     0.498906     0.674394    -0.294807     0.287949
    1.112840     0.537419     0.425413    -0.281462     0.224110    -0.243110     0.117560     0.408683     0.610409     2.511003     2.091816     1.807948
    0.684110    -0.400243     0.074152    -0.260304    -0.179568    -0.053691    -0.083196    -0.405794     0.145708    -0.615330    -0.185890     0.244853
    0.601298     1.122989     0.467952     2.043067    -0.246162     1.137604     0.550477     0.671941     0.579004     0.580603     0.200262    -1.084780
    0.211571     0.393131    -0.030522     0.201504     0.049051    -0.229298    -0.062684     0.202401    -0.200270    -0.229373    -0.719209    -0.364853
    1.902586     0.644607    -0.593160     0.931528     1.308241    -0.566230     0.956758     0.718751     0.180283    -0.610334    -1.268858     0.230514
    0.696643     0.351717    -0.083858     0.164614     0.932341     0.817717     0.818450     0.887495     1.483374     1.109776     1.360112     0.605938
    0.029319    -0.026493    -0.248891     0.958886     0.513498     0.200993     1.962359     1.910054     1.918590     0.803469     0.837206     0.768935
   -1.005871    -1.264368    -0.741563     0.935669     0.980875     0.950454     0.055041     0.464635    -0.238848     0.727030     1.178639    -0.048014
    0.175789    -0.940183     0.411665    -0.738344    -0.995465    -1.767760     0.808493     0.300035     0.441428    -0.009446    -0.518178    -0.386664
    0.641201     0.567930     0.869284    -0.073024     0.235928     0.946311     0.691970     0.238058     1.338964    -1.370411    -1.471207    -0.752345
