   -0.901408    -1.196660    -2.629580     0.228272    -0.719729     0.356017     1.490469     2.093429    -0.378137     0.299639
    0.660796     1.542736     1.955290     1.709810     2.491535    -0.006035     0.076465     0.802165    -0.547830    -0.108472
   -0.867753    -0.788188    -0.543833    -1.351080    -2.070335    -1.332240    -2.817731    -2.509487     0.092867    -0.760867
    0.011914    -0.401466     1.049591     0.025601     1.063678    -1.312065    -1.597391    -0.963808    -0.631615    -0.832249
   -1.377653    -0.526152     0.290273    -0.611508     0.001386     0.006007     0.106815     1.825604     0.160026     2.815955
    2.382612     1.840205     1.517313     1.709662     1.215802     1.555724     1.075457     0.844080     1.670470    -0.647520
    0.414027     0.290164     1.319479     1.570022     0.007212     3.813692     3.730341     1.829867     1.138741    -0.046117
    1.274572    -0.342126     0.074072     0.445683     0.932751    -0.029937     0.139618     0.346829    -0.054515     0.975306
   -1.447807    -1.378504    -1.687816    -1.524165    -1.436688     1.529615    -0.002702    -0.841590     0.229133     0.005205
   -0.440809    -0.112476    -1.306077    -0.765389    -1.404396    -0.540664     1.034857     0.281337     0.171014     0.251263
    1.683937     0.565336     1.811671     2.167157     0.394123     0.887947     1.574480     1.183488     0.479260     0.013376
   -1.608713    -0.372233    -0.759512    -1.097910     0.052104    -0.342007     0.083166     0.857138    -0.609607    -0.775103
   -0.246629    -0.370333     0.187039     0.234066    -0.764009    -0.916173    -1.201909    -1.148647    -2.304081     1.104796
    1.075613     2.110397     0.906310     1.348706     1.957599     1.248422     1.111121     1.536820    -0.619106     0.961444
   -2.651870    -1.662091    -0.408199    -1.560967    -2.042945    -1.647988    -1.711919    -0.391042    -1.640384     0.300713
    0.473597    -0.421413     1.470246     0.553477    -0.625399     0.720401    -0.095411    -0.671856    -0.218937    -0.135423
    0.712927     1.243440    -0.080465    -0.523566     0.763544    -0.151078     0.307510     0.466004    -0.402287     0.938296
    0.492510     1.152335    -1.353182     1.058416     0.839026     0.058618     1.232416     0.453358     0.676387     0.813981
    1.801144     0.468993     1.151108     1.222058     2.117154     0.735005     0.823072     1.844657     1.747475     0.480963
    2.064335     0.874359     0.876692     1.194732    -0.062867    -0.941214    -1.149248     1.317236     1.410780     0.069853
   -2.643391    -3.342696    -1.706678    -2.256884    -3.160719    -3.844914    -1.512448    -2.823108    -1.536762    -0.659141
   -0.920710    -1.208941    -0.623832    -0.349491     0.053064     0.982576     0.145705    -0.632948     0.516498     0.106784
   -0.466563     0.614753    -0.358623    -0.413633     0.999246     1.305885     0.257195     0.107912    -0.640817     0.191823
   -0.389669     0.621267     0.019274     1.170884     0.426355    -1.545229    -1.076500    -0.960045    -1.381609    -0.245181
    0.651150     0.678745     0.316449     0.248784     0.553963     0.383359     0.860847     0.617452    -0.549370    -0.026437
    0.774360     0.418146     1.246530     1.197459     2.138654     1.212962     1.475188     1.109985     0.731887    -0.528068
   -0.667964     0.578889    -0.451283    -0.217092     1.945069     0.301907    -0.012347    -0.234106     0.803575    -0.120874
    0.852752     0.880193     1.960930     1.815047     0.953299     1.592405     0.579925     1.286083     0.307231     1.013030
    1.063897     0.440289    -0.424303     0.984548    -0.399958    -1.260401    -0.708260    -1.981043    -0.205993    -1.120572
   -1.547107    -1.232888    -2.758336    -2.467009    -1.143710    -2.299219    -2.293080    -1.759940    -1.273245    -0.012897
    0.764258     0.063532     1.172589     0.765553     1.869371     2.403972     3.027409     2.306023     1.079749     1.320976
    0.823615     1.309756     1.372227     0.829377     0.306969     1.076121     0.373658     1.835050     0.540446     0.109886
   -0.099542    -0.398526     0.362093    -0.456848    -0.268577     1.551344     0.643974     2.545719    -1.891390     2.336477
   -0.988629    -0.608658    -1.185477    -0.782862    -0.280721    -0.072367     0.069315    -1.912121    -0.537641    -1.654380
    1.348808     1.076145     1.722308     2.235597     0.742734     1.983661     0.468562     0.116594    -0.212909    -0.434731
    0.442204     1.657101     1.408440     1.564854     0.945132     1.164352     2.046227    -0.028397     0.046797    -0.084283
   -2.777043    -1.203062    -0.586228    -2.505473    -1.309066    -0.921916    -2.523705    -0.945285    -1.421241     0.025463
   -1.655580    -0.415723    -1.055306    -1.766920    -1.106136    -0.297334    -1.947942    -2.424152    -0.150202    -0.051904
    1.308038     0.268458     0.024905     1.747253     0.074487     1.656312     1.468982     3.197178     1.253502     1.627869
   -1.244173    -2.063947    -1.882240    -0.789171    -1.400777    -3.205933    -1.947769    -2.829372    -1.008454    -1.078372
   -0.234762     0.116087    -1.045975    -0.973651    -0.965581    -1.553999    -0.486512     0.307892    -0.204798     1.412333
   -0.541851    -0.271930     0.072327     0.050743     0.151342     0.268273    -0.065520     1.057381     0.215333     0.690397
   -2.551884    -0.880379    -1.400577    -1.763204    -1.936963    -0.578663    -1.300075    -2.709552    -1.828327    -0.907555
   -0.954939    -1.534790    -1.196480    -0.363661    -1.021875    -1.505912    -1.166521    -0.960709    -0.382372     1.018529
   -0.659698    -0.795795     0.642895     1.061259     0.589958    -0.374394    -0.663068    -0.603998    -0.744707     0.776839
    1.481120     2.608450     3.495413     2.322730     3.587792     0.330945     0.090083    -0.152883    -0.315156     0.824091
   -2.574271    -0.773029    -2.230034    -1.524414    -1.250908    -0.163046    -0.956799    -0.095521    -1.797239     0.947152
   -1.831522    -0.609740     0.042819    -0.646764    -1.764877    -1.224003    -1.729054    -2.999310    -1.200424    -0.905841
    2.490807     0.923900     1.497816     1.480593     2.148319     2.318611    -0.013707     1.028180     1.531213    -0.577384
    0.320254    -1.005570     1.277499     0.012903     0.945501     1.967849     0.793886     1.917485     0.354550     0.896374
    2.174858     1.143543     0.225200     0.206923     0.696558     1.789232     1.489661     0.583172     0.310991    -0.353385
   -0.854051     0.586979     0.265034    -0.505691     0.602433    -1.274541    -1.250277     0.593267    -0.337356     0.227616
   -1.101580     0.019885    -0.354401    -0.791855    -1.184585    -1.849089    -2.128342    -1.643553    -0.651517    -0.501614
   -0.110531    -0.345272     0.692954     0.207637    -0.558027    -0.687102    -0.029966    -1.483576    -0.400846    -0.378194
   -0.935697    -0.351383     0.143069     0.184889     0.757871     0.329063     1.582896     1.270378    -0.872271     1.524387
   -2.574276    -0.834139    -1.632849    -2.373478    -2.654935    -3.004633    -2.405034    -2.053388    -1.354075    -0.036694
    0.905297    -0.632719     0.950087     0.496427     0.981798     0.628027     1.284572     0.870436     0.252071     0.327794
   -2.139922    -1.429769    -1.631427    -2.713292    -1.999151    -2.049200    -2.130285    -1.092768    -0.275929    -0.436127
    1.485301     0.966571     1.059843     1.077783     1.090465     1.781090     1.591206     2.209885    -0.123633     0.719129
   -1.044090    -0.380239    -0.543086    -1.929639    -1.162947    -0.478766    -3.396160    -0.707509    -0.674964     0.073155
    0.979304     1.315828     1.834969     2.152537     0.860994     0.128322     0.030745     0.960546     0.044081     0.193222
   -1.279645    -1.744411    -1.263873    -1.788153    -0.799298    -1.057490     0.364073    -0.332095    -1.256056     1.197866
   -1.364665    -1.350238    -1.935545    -1.383890    -1.868453    -2.032773    -2.354949    -2.509427    -0.911794    -0.389336
   -1.668298     0.083645    -0.600202    -0.150840    -0.535156    -1.061016    -1.472192    -0.905190    -0.714257    -0.052778
   -1.944263    -2.066063    -0.915440    -1.408188    -0.980029    -1.736433    -1.012361    -1.270996     0.159058    -0.308065
   -1.234230    -1.358339    -0.249783    -0.555896    -0.819496    -0.063460    -0.013348    -0.590014    -0.355928     1.050145
   -0.448639    -0.582510    -0.308786    -0.874067    -0.682071    -1.486944    -0.931350    -1.336299    -0.145271    -0.256934
    1.192554     1.514438     1.367772     0.864633     2.113920     1.019072     1.608551     0.966911     0.854468     0.772576
    0.964532    -0.243948     0.344120     2.133677     1.524455     2.240180     2.858789     4.156233     1.439988     3.032503
    0.765959     1.044165     0.133025     0.030663     1.329967     0.929003     1.762859     1.424475     0.634420     0.863468
    1.361994     0.844363     1.124870     0.819013    -0.320420     1.110935     0.785423     1.570811     0.825647     1.031030
   -0.689402     0.130071    -0.449787    -0.283705    -1.116052    -1.231263    -1.327231    -1.425227    -0.745807    -1.489720
    0.036861    -1.700366    -1.038001    -0.237207    -1.672424    -0.464207     0.153703    -0.429907    -0.870131     0.384384
    0.962242     1.069326     0.931051     2.262303     1.280591     1.700867     0.833417     1.526067     0.991572     0.827536
   -1.309701    -0.903017    -0.696600    -1.491513    -1.327560    -0.557106    -0.845375    -0.009290    -0.629653    -0.440679
    0.591301    -1.579517    -0.818383    -1.217866    -1.517941    -2.245423    -0.887210    -0.617676     0.259799     0.513796
   -0.323167    -0.276730    -0.138321     0.051826    -0.597137    -1.103208    -1.411080    -0.526529     0.569369    -0.135745
    0.796837    -0.566237    -0.241338    -0.092292    -0.104213     1.153768     0.947540     2.524814     1.473999     1.559878
    0.336018     0.381316    -1.033035     1.146825     1.167326    -0.172717     0.624201     0.262745     0.259890     1.161404
   -0.210675    -0.151552     0.099349     1.140009    -0.638017    -0.299760    -1.295745    -0.118310    -0.329575     0.423987
   -2.087904    -1.358365    -1.910665    -1.662619    -1.985854    -2.064433    -2.470965    -2.442744    -1.530687    -1.012070
    0.450647    -0.222146    -0.109456     0.489337     0.661000     1.036648     0.042005    -0.813541     0.065425    -1.247431
    0.252291    -0.425125     0.872626     0.557886     0.142456     2.715822     2.110913     1.372680    -0.045177    -0.165367
    0.761160     1.571101    -0.255747     2.091453     1.192098     2.950644     2.273945     2.010300     0.619654    -0.069529
    1.691923     1.216890    -0.431779     0.114044    -0.214433     1.306209     0.700018    -0.063179     0.872048     0.528877
    0.513347     1.142669     0.125400     1.555130     1.406577     1.218014     1.912496     0.384865    -0.183615     0.537317
    0.191035    -0.813503    -0.889934    -1.541531    -0.412361     1.947285     1.788460     1.496871     1.890930     0.776880
    0.347537    -0.830186    -1.179128    -0.788408    -1.033270     0.411333     0.189402     0.530704     0.231751     0.050531
   -0.419123     0.276502     0.187871     0.759386     0.757500     0.723964     0.040090     1.168939     0.111786    -0.562686
    1.854013     2.081479     0.286304     1.016628     0.242057     1.083923     2.615397     0.872398     1.763477    -0.698951
    1.116086     0.372318     0.491694     0.791504     0.362471     0.642565    -0.037655     0.194035     1.502160    -1.305503
    0.636240     0.624494     1.837146     0.612850     0.659404     0.809322     0.309091     0.088315     0.376755     0.766313
    2.014695     0.942314     0.703725     2.117686     1.557675     1.354039     1.770154     1.897268     1.644588    -0.812776
    0.208892    -0.268143     0.509318    -0.107592     1.338232     1.037844     0.539515     0.888931    -0.493137     1.138356
    0.234601    -0.153920    -1.593046    -0.593655     0.020777     0.458955     0.177986     0.537095    -0.178203     0.495961
    1.819138    -0.041170     0.129049     0.269680     0.508648     1.605317     0.951110     2.220339    -0.167109     0.814988
   -0.884361    -1.217141    -0.661998    -0.253086    -0.174345    -2.574313    -1.579336    -0.617527    -0.801740     0.000655
    0.708324     0.791445     0.546094    -0.695486     0.497012     0.057497    -0.063275     0.369552    -0.401560    -0.086226
    0.274816    -0.175606     0.570080     0.124059    -0.097267    -0.748109    -0.168186    -2.141147    -0.751356    -0.291141
   -0.915409    -1.519460    -2.401701    -2.434105    -1.955925    -3.113450    -2.574130    -3.418707    -0.177982    -0.336915
   -0.442236    -0.604105    -0.525445    -0.400001     0.350745     1.051155     0.552339    -1.021722    -0.152527    -1.643316
   -0.362636     0.490513     0.353045     0.309923     0.040511    -0.700225    -0.230365    -1.213774     0.951462    -0.504344
   -0.032514     1.687366     0.815338     1.515341     2.209425     1.107363     2.231983     2.865750    -0.041980     1.696549
    1.700154     1.649025     1.449647     1.366491     1.807704     1.886342     1.209865     1.205711     1.447403     0.180864
   -1.881573    -2.119565    -2.334698    -1.713533    -0.938163    -2.843690    -2.773052    -2.935857    -2.123630    -0.018621
   -1.381222    -0.851994     0.060168    -0.290705     0.089485    -1.864772    -1.560974    -0.872225    -2.426171     0.101322
   -0.749355    -0.714243    -1.916968    -1.817899    -1.787215    -2.305586    -1.909134    -2.149004    -1.561178    -1.818554
    2.758293     2.645254     2.316186     3.013527     2.227305     1.271620     2.076731     2.341960     1.353892     0.464101
    1.286029     1.340233     1.891985     1.928079     2.873277     2.723915     0.982768     1.311529     0.348195    -0.092282
   -2.253363    -1.127269    -0.847220    -0.598784    -2.803131    -2.953240    -3.425296    -4.588475    -2.124183    -2.009616
    1.715772     0.713109     1.149665     1.575521     0.679180     1.100477     1.239835     1.731423     1.488078     0.497502
   -1.051609    -0.283893     0.040135    -0.473469    -0.691963    -0.309381    -0.994455    -0.488753    -0.270479    -0.523342
    0.110994    -0.528877    -0.722413     0.037994     0.056169    -0.765065    -0.789731    -0.078586     0.950437     0.346425
   -1.552435    -1.439007    -1.418413    -1.019960    -1.377687    -1.998512    -1.465560    -0.900454    -1.019932    -1.053388
    2.670597     1.282686     2.293826     2.934518     3.357124     2.936197     3.132769     3.598012     2.529128    -0.147449
    0.002501     1.295471     0.615165    -0.308453     0.419674     0.184775    -0.053373     0.433171     0.402730     0.705201
    1.066713     1.963876     1.290422     0.495092     0.228452     0.983834     0.929441     1.138345     0.512390    -0.849588
    0.973579     0.419704     0.230649     0.366636     1.650228     0.621166     0.528530     1.167463     1.810637     0.056700
    1.602355     2.251022     2.120161     0.546069     1.077944    -0.598695    -0.020119    -1.048934    -0.458864    -1.832637
   -0.274003    -0.448883     0.693705     0.768911     0.862038    -2.320844     0.323660     1.091255    -1.284338     1.495675
    1.398835     1.446644    -0.363432     0.382223     1.660183     2.021398     1.665430     1.420287     0.435622     1.046374
   -0.779336    -1.248890    -0.235597    -1.946083    -1.476930     0.836273    -0.210170     0.851967     1.361619     1.230021
   -0.090505    -1.007451    -0.802879     0.005306     0.585933     0.305773    -0.815106     0.200475    -0.663091     1.294016
   -1.241644    -1.991322    -2.194590    -1.690635    -3.111140    -1.139534    -1.392694    -0.563577    -1.061575    -1.362854
   -1.297765    -0.547354    -0.649115     0.196493    -0.565506     0.605805     0.156615     0.517733     0.477599    -0.599669
   -0.605126     0.246008     0.434766     0.951421     0.992666     0.773186    -0.700722     0.468293     1.233576    -0.200621
   -1.417415    -0.729658    -0.479716    -0.977607    -1.279905     0.641302     0.001069     0.252335     0.255474     0.228995
   -1.069195    -0.049887    -0.075541    -2.246469    -0.037851     0.593881    -0.438732    -0.831191    -0.036490    -0.241017
   -0.773147     0.567733    -0.866012    -0.036970     1.336288    -1.955263    -0.588444    -0.565338    -0.302565     0.484037
    0.284419     0.387303     1.334663     1.351407     1.821771     1.018573     1.234796     0.132024    -0.625944    -0.140820
    0.865651     0.028374     1.251050     1.308197     1.159249     0.924856     2.768096     2.754951     1.104124     1.509714
   -1.917627    -1.119425    -1.319392    -2.997847    -1.236632    -1.824362    -0.774374    -1.312703    -1.280657     1.006301
   -0.301513    -0.744356    -0.060488    -0.475313    -2.084471    -1.269617    -1.064919    -1.179991     0.224502     0.180353
   -0.308370     0.214570     0.428112     0.117657     0.370341    -0.877466    -0.445518    -1.405073    -0.031752    -2.010302
   -1.184172    -1.426288    -1.459632    -1.831880    -3.198417    -2.027456    -1.935316    -1.913953    -0.724624     0.008450
    0.910183     1.140489     2.705208     2.203502     1.579527     1.625480     1.316774     1.773474     0.892864     0.427772
    1.885023    -0.012477     0.173468     0.610991     1.157388     2.183571     0.926502     2.307150     1.665057     0.339204
   -0.172297    -0.530369    -0.843891    -0.816390     0.015268     0.525105     0.014760    -0.491266     0.048360    -0.966924
    0.779213     0.299937     0.698075    -0.002209     0.568856     0.836494     0.206998     0.721866    -0.694827     1.670608
   -0.560445     0.134926    -0.784261    -0.181056    -0.315202    -1.105364    -0.096333    -0.538937    -0.165938    -0.645145
   -0.701813    -0.142111    -0.576722    -0.768649    -1.860116    -0.680910    -0.207860    -0.202906     0.183785    -0.252120
    0.300462    -0.034810    -0.735483    -1.555558    -0.568690     0.471192     0.070326    -0.400287    -1.232644    -0.359964
   -1.449905    -0.061222     0.264579     0.132871     0.331397    -0.851537    -0.995740    -2.712704    -0.214017    -0.911477
    0.168654     0.779733    -0.031082     0.102069     0.172661    -0.898441    -0.970447    -0.996725     0.576143    -1.055097
   -0.383373     0.489446     0.080457     1.137356     2.054401    -1.179311    -0.320948    -0.910679    -0.208470    -0.576254
   -1.393118     0.265577     0.706015    -0.137037     0.694616    -0.720425    -1.329203    -2.860510    -0.557121    -0.836211
    1.717876     0.859411     1.671152     1.120127     0.726586    -0.563021     0.261381     1.362417     0.886034     0.863877
    3.088815     2.464258     3.320559     3.787041     3.808851     2.755196     2.600089     4.050145     0.570787     2.429509
    0.984639     0.027674     0.163170     0.284112    -0.028300     1.753357     1.148093     0.837215     1.656268    -0.882336
   -0.829630    -0.600467     0.122967    -0.809806     0.080745    -0.602299     1.256870     1.217969    -0.794163     1.809567
    0.258767    -0.364494     1.048556     0.571220     0.897511     1.149391    -0.222345     0.145347     0.566355    -0.531482
   -0.612668     0.556665     0.662146    -0.379705    -0.198819     0.266188     0.437219     0.250537    -1.629198     1.373644
    1.542038     2.349851     0.855099     1.591120     1.117382    -1.752545    -0.649740     0.260166     0.036652     0.075750
    2.629459     0.950661     0.734861     1.378775     0.964355     1.220399     1.925935     2.897600     1.342157     1.339482
   -0.338577    -0.418231    -0.735321    -0.134966    -1.157771     0.262558    -1.742759    -1.213971     0.553210    -0.991935
    0.347450    -0.338650    -0.082821     0.604441     0.326009     0.926140     1.503160     2.508071     1.247069     1.814579
    0.019335     0.464021     0.811303     2.119131     1.231171     1.119310     2.190937     3.223186     1.192435     2.335087
   -2.116076    -1.693839    -1.495288    -1.019308    -1.542085    -0.488859    -0.105578     0.066250    -1.114038     0.271199
    0.243985    -0.492969     0.443599    -0.727801    -0.521421     0.672559     1.125250     1.182413     1.029626     0.115016
    0.707385     2.504504     0.999768     0.829663     0.739902     0.182614    -0.140638     0.635085     0.410593    -0.016483
   -1.486601    -2.093349    -2.296465    -1.408801    -2.416401    -1.992495    -2.331395    -3.994678    -1.147729    -1.665873
    0.291309    -0.384760     0.562408     0.160518     0.303052     1.061652     0.647116     1.359288    -1.274636     1.147704
    0.611373     0.538668     0.506217    -0.165514     1.654623     0.404947     0.842291    -1.854005     0.456593    -0.810268
   -0.969570    -0.056712    -0.177932    -0.693014     0.155225    -0.287577    -0.252048    -0.995924    -1.588230    -1.287376
   -0.113096     1.984058    -0.094393     1.187449    -0.017056     0.622021     0.278805     1.464150     0.646197     1.376102
    0.368366     1.062359     1.117316     1.213056    -0.671639    -0.041916     1.579515     2.805079    -1.336660     1.804865
    0.106715     0.182799     0.188532    -0.000888     1.468990     1.763362     1.540394     3.229970    -0.530727     2.958211
   -2.633097    -2.890250    -1.839856    -2.448303    -2.762311    -1.786542    -1.587284    -1.462289    -0.500178    -0.630919
    1.779608     2.353832     2.202994     1.918316     2.330037     3.262489     1.287704     1.596350     1.235494    -0.009403
   -0.372488    -0.451557     0.696484     1.016547    -1.439931    -0.177074     0.294882    -0.266749     0.398565    -0.544628
    0.405828     0.906119    -0.100135    -1.036844    -0.158163    -0.583809    -1.174730    -1.234897    -1.131777     0.287879
    0.028350    -0.022928    -0.687672    -0.097345     0.144085    -0.152837    -0.483590    -0.185727    -0.289002    -0.232514
    0.860972     0.156672     1.287952     1.006471     1.236643     0.800894     0.196755     0.860227     0.366983     1.305085
    1.411657    -0.509556    -0.807166    -0.499910     0.260950    -0.082596    -0.179306    -0.797623     1.220699    -1.427742
   -0.478578    -0.561005    -1.059281    -1.327205    -0.723567     0.760648     0.071457    -1.149586     0.264023    -0.063138
   -1.089071     0.367472     0.100962     0.165197    -0.633137     0.415503    -0.361096    -0.078647    -0.362670     1.513925
    1.289085    -0.292359     1.175090     2.148306     1.827854     2.147721     1.798638     3.130596    -0.039743     1.465020
    0.925833     0.285818     0.303021    -0.513722    -0.050846    -0.606014    -0.184768     0.331979    -0.540911     0.213129
    1.227175     1.309493     2.498895     1.550081     2.203106     1.736597     2.194429     2.274329     1.390996     0.602387
    0.317742    -0.029105     0.352681     1.991020     0.480393     2.309533     1.228448     0.223315     0.593644    -0.685141
    0.271439    -0.084702     0.448408     0.144775     0.359895     0.228251     0.342678     0.705550    -0.051335     0.725122
   -1.968191     0.795226    -0.937203    -1.741079    -0.646962    -0.950614    -0.841071    -1.568623    -0.952299     0.558656
    0.928566     1.403422     0.864602     0.846291    -0.426742    -0.198993     0.414435     0.194033    -1.162023     1.325596
   -0.161048    -1.232098     0.182011    -1.161275    -0.159469     0.824829    -0.112380     0.666388     0.432074    -0.211692
   -0.217353     0.071522    -0.283793    -0.438247     0.108866    -0.364905     0.841048     0.539700    -1.049344     0.800466
   -1.495326    -1.715341    -1.865756    -2.591159    -1.771429    -3.641829    -2.154899    -1.625274    -1.505823     0.741238
    1.114337     1.355044     0.448849     0.210889     0.763459     1.738207     1.434410     2.720913     1.429210    -0.215831
   -0.975232    -3.615069    -1.524836    -2.817329    -2.529993    -1.357069    -1.767691    -1.615816    -0.682178     0.078729
   -0.846961    -0.878555    -1.374440    -0.912253    -1.482789    -0.102635    -0.774387    -0.270107    -0.927896     0.363025
    0.880213     0.870526     0.020774     1.485141     1.524091     0.809973     1.585852     0.523006    -0.149362     0.382796
    1.252778     0.246195     1.981396     0.700213     1.240475     3.240078     2.803087     3.643944    -0.305156     0.569363
    0.453620    -1.280417    -1.255437    -0.530236     0.498177     1.346962     1.777799     1.524312     1.648857     0.535139
   -1.234899    -1.715621    -2.654777    -1.628017    -1.456428     0.062133    -1.376705    -2.496460    -0.688306    -1.581887
    1.473870     0.500727     0.480728     0.531546     0.450307    -0.606026    -0.592185    -1.335957     0.734962    -0.732463
    1.142918     0.024447    -0.406410     1.000374     2.078015     1.414317    -0.129972     1.087854     0.761854    -0.154621
    1.382722     1.226709     1.537169     3.145762     2.664141     3.459260     3.335377     3.748513     0.848550     0.108656
    0.607609    -0.324981     0.360077     0.574154     0.355670     1.483113     2.257333     1.635092    -0.745822     1.419800
   -0.316896    -0.338156    -1.248849    -0.887073     0.355277    -0.937272    -0.044624    -1.217082    -1.176074    -0.499017
   -1.655137    -1.202981    -1.382463    -1.468967    -1.299413    -1.332193    -1.570016    -0.733781    -1.102811     0.552317
    0.366755    -0.118222    -0.545972    -0.233005    -0.365848    -0.541974     0.717047    -1.252195    -1.203482    -0.870032
   -0.822489    -0.911563    -0.800350    -0.698430    -0.195269     0.010143     0.011930     0.533566    -0.092702    -0.790283
    1.046983     0.330795     0.330528    -0.247236     0.338686    -0.753389    -0.068431    -0.122143     0.689558     0.574509
   -1.365148     0.069269    -0.641308     0.005468    -0.583793     0.587833     1.159304     1.893862    -1.306523     0.851128
    0.316039    -0.652496     0.330735    -0.102144     0.996145     2.308138     0.812349     0.010226     0.822542    -0.469843
   -0.125151    -0.653355    -0.159256    -1.753055    -0.910458    -1.781489    -2.667333    -2.079284    -1.552094    -0.592167
    0.771860     0.165182     0.098556     0.387015     1.724127    -0.352712     0.358346    -0.841967    -1.042639    -0.543426
   -1.383316    -0.133260    -1.133125    -1.624767    -1.055767    -0.839375     0.035013    -0.397377    -1.725684     0.287922
   -0.325469    -1.941660    -0.046952     0.019178    -0.844740    -0.767978    -0.808751     0.642624    -1.017168     0.658097
    0.901582     1.466475     0.577998     1.872602     0.837526     0.381854     0.361603     0.949601     1.353568     1.023170
    0.828946    -0.098718     1.405300    -0.060558     0.429860     1.693964     0.678598     0.650524    -0.704684    -0.105050
   -1.470819    -1.950601    -2.148337    -2.013404    -1.231613    -0.409904    -0.627551    -1.538254    -0.173047    -0.816483
    0.814237     1.410390     2.081561     0.420960     0.881844    -1.115378     0.469419    -0.516858    -0.762126     0.187925
   -0.043983    -1.397113    -1.173544    -1.100366    -1.101268     0.193772     1.271735    -0.864878     1.471815    -0.465280
   -0.708814    -0.558241     1.466458    -0.938260    -1.016769    -0.814275    -1.545954    -1.487358    -0.566302    -0.492455
    2.262803     1.126210     2.910222     2.410491     3.263019     2.742484     3.390469     3.138193     0.513084     2.119907
   -1.564652     0.403077    -0.002934     0.350855    -0.320985    -2.408499    -2.242091    -1.236938    -0.948985    -0.676956
    0.280119    -1.699976    -0.664100    -0.471851    -0.467261    -0.596759     0.671047    -1.391072     0.052474    -0.951338
   -1.709646    -0.025627    -0.696630    -0.463616    -1.086481     1.357868     0.893894    -0.764649    -0.309392    -1.492700
    0.065370    -0.903306     0.914964    -0.144881    -0.670744    -1.195774    -1.412187    -1.670109    -0.613409    -0.162276
    0.899119     1.265970     1.490616     0.958988     1.964629     2.449127     0.678746     1.371370     1.098406     0.473565
    0.230410     0.821427     0.139470     0.114186     0.461405     0.362108    -0.002514    -0.822321     0.072637     1.272141
    0.173179     0.482116     1.333251     1.107416     0.497231     0.630161     1.327049    -0.397933     0.133553    -0.049683
   -2.666290    -1.185823    -0.135622    -1.594825    -2.317987    -0.921656    -0.599673     0.323690    -1.839534     1.130555
   -0.354234    -0.140929    -0.734956    -1.090820     0.987687     0.814774     0.499416     1.190572    -0.284727     0.132148
   -2.099083    -1.983379    -2.307684    -2.454847    -1.826526    -0.721143    -0.547659    -1.446315     0.167764     0.165788
   -1.957024     0.816471    -0.926734    -0.168834    -1.449351    -1.393405    -1.370370    -0.627532    -2.325286     1.310820
   -0.731281    -0.558670    -0.018931    -1.555938    -1.399966    -0.177586     0.921331    -0.069220     0.602014     1.262019
   -0.650499    -0.534708    -0.060974    -1.078107     0.186571    -1.846104    -1.190030    -1.689106    -1.391246     1.112628
    0.372082    -0.029369     0.508549    -0.926917     0.314873     0.603346     0.861443     1.322683     0.143293     0.357957
   -1.486662    -1.213637    -0.947693    -0.305703    -0.959854    -2.319933    -3.079813    -2.829968    -1.558760    -1.422598
   -1.230588    -0.276500    -0.885280    -0.880806    -0.322716    -0.933302    -1.098294    -0.813519    -1.381167    -0.152966
   -1.009678    -0.259370    -0.840998    -0.252854    -0.610470    -1.922586    -0.637180     0.602946    -0.860986     0.535553
    0.979788     0.553887    -0.481484     0.352762    -0.260589    -0.321837    -1.239452    -2.907528    -1.100105    -1.583122
    2.293387     1.637691     2.419908     3.061289     2.727455     1.244251     1.052981     1.252056     0.165073    -0.422940
    0.144952    -0.536011    -0.073045    -0.490694     0.514949    -0.045876    -0.853405    -0.981811     0.329845    -0.464583
   -1.013707     0.615728     0.315107     0.175970    -0.769151     1.338007     1.018105     3.471085     0.156055     2.839870
    0.014030    -0.312120     0.092828     0.053445     0.591026     0.264898     0.035185    -0.389014     0.587534    -0.330603
   -2.435396    -1.846418    -1.144090    -1.505310    -1.104476    -0.033306    -0.558702    -0.365084    -1.977762     0.618976
   -1.156874    -0.311464    -1.248631    -0.300257    -1.348268    -0.128820    -1.349488    -0.576085    -0.782372    -1.687269
   -2.027613    -1.583699    -2.400800    -2.999301    -3.826552    -2.694102    -3.335182    -3.887421    -1.670391    -1.081512
    1.156951    -0.287953     0.739937     0.236140     0.287656     1.891375     1.416553     2.802018    -0.154885     2.033823
   -0.680610    -0.794533     0.159011    -0.604612    -0.623388    -0.266479    -0.231139     0.194361    -0.531346     0.506480
   -1.940354    -1.099153    -1.909118    -1.923962     0.418253     0.452771    -1.002695    -0.652709    -0.085268     0.266253
   -0.588485    -0.319741    -0.682710    -0.613678    -0.558373     0.261251    -1.067302    -0.638910    -1.043726     0.332210
    1.030763     0.644798     0.690252     1.924886     0.730346     3.631612     2.634940     2.192972     0.998934     0.658340
   -0.754723     0.064601    -0.556492    -0.146368     0.438841     1.966409    -0.815058     1.432658    -0.705152     1.550630
   -0.717514    -0.972195    -0.077343    -0.763485    -0.839700    -0.022988    -1.223407    -1.097972    -0.295707    -0.473913
    0.197141    -0.699614    -0.994029    -1.112115    -0.578377    -0.054257    -0.873223     0.639128     0.156308     0.414348
    0.112934     0.955810     0.599261    -0.125191    -0.710145    -0.916755    -0.451916    -1.785915     1.099443    -1.090454
   -0.177127    -1.076393     0.559033     0.104066    -1.367129    -1.559919    -0.553805    -3.022679    -0.237885    -1.166746
   -1.345745    -0.411914    -0.435212    -0.924546    -0.885107    -2.197318    -2.084067    -1.765026    -2.308598     0.370462
   -1.462845    -0.790031    -1.486597    -2.193313    -1.401935    -2.359758    -2.597091    -1.575796    -0.478851    -0.014607
    1.079737     0.868423     0.877270     0.109970    -0.586433    -0.735118    -1.091717    -0.803214    -0.742433    -0.740980
    0.729655     0.506162    -0.184527     0.709918     0.207546     0.389162     0.402368     0.301926     1.910410    -1.818974
    0.302079    -0.410648    -0.215033    -0.111187     0.430295     1.063856     0.628323     2.095248     1.741630     1.276310
   -0.623870     0.463069    -0.703680     0.743725    -0.471805     1.151710     1.863914     1.360087     0.731781    -0.103835
    0.786292     1.323555     0.552869     0.312876     0.446648    -0.248595    -0.548522     0.166145     0.328621    -0.088402
    0.660163     1.288603     0.995624     0.858650     0.420577    -0.610481     1.284519     2.111000     0.880521     1.840784
   -0.393244    -0.139207     0.851503     0.299804     0.474672    -1.678913    -0.154708    -0.946347    -1.935909    -0.194056
    2.349095     1.106253     1.698238     1.437085     1.095442     3.187323     3.880684     3.268512     0.849822     2.382911
    1.267565     1.430854     1.644849     1.986615     2.413642     4.078826     2.808353     3.611838     1.521076     0.969791
   -0.096316    -0.682431    -0.380969    -0.517255    -1.451813     1.449795     0.667302     0.637168     0.789975     0.158481
   -2.213130    -1.490395    -1.971441    -1.932294    -1.461026    -0.114476    -0.404737    -1.276232    -2.059991    -0.784166
   -0.061247    -0.356556     0.435671     0.111391     0.532521     0.330660     0.387730     2.354127     1.908113     0.065640
    0.019763    -0.396329    -0.482062    -1.003669     0.558187     0.233505     1.761982    -0.457548     0.160815    -0.827138
    0.097666     0.373098     0.422079    -0.067941    -0.295537    -0.187680    -0.423117    -1.804611    -0.720830     0.599562
   -0.796436    -0.110551    -0.315348     0.035647    -0.974823     0.402951    -0.944589    -1.042310    -0.311144    -0.290277
    0.039096    -0.844602    -1.274318     0.183939    -0.364883    -1.590408    -2.322437    -1.005574    -1.346042    -0.219652
    1.101214     1.340505     1.118515     1.234087     1.851309     0.282446    -0.771555    -0.008851     0.425856    -0.882631
    0.741254     0.452231    -0.344864     0.799155    -0.038285     0.000588     1.661450     1.667495    -0.434915    -0.270712
    0.612937     1.492558     1.003981     0.754204     0.028799     0.239585     1.446176     0.076460     0.017460     0.079164
   -0.937768    -1.020344    -0.604493    -1.275265    -0.321669    -0.442213    -0.487824     1.070877    -1.594612     2.486271
    1.527867     0.468220     0.731504    -0.045584     0.659167     1.684776     1.619665     0.846109     2.082142    -1.680621
   -2.489875    -3.011959    -1.615757    -2.469561    -2.584537    -2.138748    -2.956446    -2.711105    -0.434796    -1.147406
    1.262651    -0.407429     0.162913     0.844321     0.863806     1.956065     2.308346     1.764167     1.176464    -0.898923
   -0.131494     0.187557    -0.759435    -0.727680     0.131744     0.921457     2.721280     3.158595     1.533864     1.519859
    3.175710    -0.622469     0.921076     2.578526     0.379937     1.428718     0.819209     0.998203     2.200712     0.873825
    0.011232    -1.336316    -1.098303    -1.989338    -1.349875    -1.207709    -1.012349     0.191490    -1.004846     1.851631
   -1.335308    -0.544838    -1.232650    -0.542273    -1.044603    -0.864539     0.113998    -0.891244    -1.443000    -0.081892
    0.943252     0.928603     0.116705     0.886788    -0.354980    -0.117506     0.189069     0.794414     0.517413     0.255341
   -0.519707    -0.516212    -0.421459    -0.488998     0.202963    -0.035703     0.600055    -0.588647     0.345627    -0.656854
   -1.370752    -1.555463    -0.651090    -1.958431    -1.253520    -1.327730     0.396940    -0.113680    -1.232040    -0.582150
    0.943843     0.448626     0.636062    -0.360861    -0.406871     2.236925     1.535317     3.675311     1.295607     0.860416
    0.836986     0.802848     0.789367     0.503666     0.936949    -0.010166    -0.433931    -2.924717     0.434086    -1.915959
   -1.439588    -0.862175    -0.914095    -2.175542    -1.649563    -2.281579    -3.637586    -2.490387    -1.997242     0.860031
   -0.825329    -0.422864    -0.788628    -0.820328     1.038129     1.517567     1.810415     2.451095     0.855014     0.401598
   -0.769154    -0.851579     0.401885    -0.000549     0.714612    -1.255641    -0.374310    -1.095655    -0.705332     0.714426
   -0.471609    -1.162771    -2.210978    -1.407035    -0.893140    -2.189014    -1.135056    -2.758068    -0.275544    -1.331160
   -1.353206    -0.233636     0.553603     0.022868    -0.927742    -0.260391    -0.133218    -0.889221    -0.576962    -0.349712
    0.210292    -0.269103    -0.317908     0.175076     0.548095    -1.156675    -1.423368    -1.507651     0.666917    -0.576034
   -1.493306    -0.727345    -1.317228    -1.169538    -1.100976    -0.139408    -0.997261     0.834878     0.689391     0.303468
    0.506408    -0.804248     0.068560    -0.081811     0.020045     1.452883     1.485609     1.829718     1.778313     0.299370
   -1.317843    -0.242780    -0.213747     0.078159    -0.815364    -2.124469    -2.007709    -3.118067    -2.518154    -1.377151
   -1.018763    -1.233942    -0.044288    -1.317741    -2.166602    -1.059679    -0.686364    -0.230631    -1.643075     0.206841
    1.616147     1.139666     1.947066     1.995690     1.477441     1.054033     0.882354     0.777595     0.711182    -0.448159
    1.013144     0.883601     0.402471     1.186864     1.901581     0.447671     0.095722     0.463109     0.169791    -0.378975
    0.009662    -0.241016    -0.126425    -0.309870     0.391155    -0.020589     1.885086     0.848031    -0.124702    -0.487310
    0.849183    -0.065970    -0.119455    -0.376694     0.167910     1.579956     0.587082     1.224686     0.240203     0.701215
    1.304490     1.034723     1.116362     2.181808     1.531612     0.174193     0.513133     0.126565     0.627625     1.082992
    1.188663     1.637156     0.320335     0.747851    -0.168205     1.427182    -0.075998    -0.067361     0.304050     0.380305
   -2.250036    -1.385665    -1.008169    -0.724145    -0.499121    -3.836853    -2.337480    -4.171971    -1.889571    -1.400676
   -1.764315    -0.467230     0.066256     0.174081    -1.121226     0.996858    -0.277705     0.420978    -0.856370     1.342099
   -2.767343    -1.680243    -1.346656    -1.681900    -2.215044    -1.898242    -2.024512    -3.166956    -1.806456    -0.620596
   -1.113805    -0.829845    -1.094733    -1.762287    -1.440995     0.809566    -1.036779    -1.108340    -1.484566    -0.424747
    1.271906     0.690341     1.305198     1.499930     0.922006     1.259579     2.335380     0.417261     0.817401    -1.318747
    0.246761     2.087399     1.248039     1.979704     1.675723    -0.126624     0.102303    -0.364406    -1.435942    -0.653836
    1.333270    -0.084591     0.752177    -0.552158     0.692663     1.435674     1.115622     1.269274     2.118677     0.705013
   -2.124544    -1.693942    -1.284536    -1.656728    -0.159251    -0.419107    -0.389740    -1.324595     0.202294    -0.292886
   -1.094772    -0.798624    -1.566489    -0.252130    -1.384718    -1.108349    -0.995466    -1.292769     0.742509    -0.331955
   -0.360501    -1.053048    -0.358124    -1.877713    -1.778610    -0.987181    -1.745476    -1.204152     0.011458    -0.889263
    0.791029     1.464090     1.208333     1.256284     1.361014     1.267942     2.135680     2.031494    -0.642307     0.890788
   -1.029684    -0.366604     0.080945     0.097025    -0.629839     0.974992    -0.755815     1.171444     0.850690     0.648898
    1.436044     0.680269     0.913570    -0.025543     1.149685     1.948573     0.933413    -0.164170     1.933102    -0.341706
   -0.693879    -0.352963     0.184852     0.539142     0.484312     1.220043     1.160947     1.237385    -0.766675     1.313510
   -2.485941    -1.272975    -1.499321    -2.795699    -1.681494    -2.637093    -2.732839    -2.183913    -0.831804    -0.444033
    0.381108     0.407690     0.204334     0.517886     1.715431     0.072868     1.528928     2.049497    -0.282443     1.156207
   -1.584240    -1.769917    -0.969872    -1.396215    -0.994694    -0.520246    -0.415220     0.091391    -1.088845    -0.404379
    0.497860    -0.423174     0.333387    -0.312493    -0.145840     1.719181     1.446252     1.000184     0.085487     1.030523
   -2.418811    -1.197516    -0.035803    -1.712838    -0.474477     0.380112    -0.675362    -2.255254    -1.842957    -0.768827
   -0.629595    -0.916196    -0.469291    -1.505870     0.745397    -0.608662    -0.057282     1.526651     0.300898     1.500690
   -2.532750    -1.296361    -2.979565    -1.455848    -1.105070    -1.480652    -2.633332    -2.213465    -0.175000    -0.889101
   -0.225668    -0.964327    -1.403379    -0.954593    -1.007120    -1.117001     0.018507    -1.543289     0.030618    -0.840473
   -1.364155    -2.623221    -1.599047    -1.400208    -2.383168    -2.438245    -2.492699    -4.114125     0.170290    -1.256886
   -1.069849    -0.724567     1.737263    -0.553856    -1.045093    -0.742597    -0.628404    -2.387019    -0.591407    -1.097118
   -2.723186    -0.962070    -0.988029    -2.312091    -2.212362    -1.757342    -2.808274    -0.814224    -1.451260    -0.151743
    1.335062     0.332619     1.169924    -0.129414     0.215759     0.555319    -1.010009    -0.263694     0.174952    -0.897689
    2.004413     1.510410     1.404099     1.270147     1.039944     1.936077     1.437246     0.603830     1.261773    -0.420362
    0.663816     1.281684     0.979026    -0.437885     0.623720     2.550819     2.448995     3.232437     1.268747     1.347349
    0.049053     1.065987     1.401744     1.048615     1.563860     0.358448     0.913125    -0.003705     0.265669     0.130859
    2.153601     1.664920     1.559150     1.917904     0.953991     2.289227     1.543570     1.150582     0.590806    -0.012520
   -0.177463     0.321479     1.049361    -0.311712     1.015860     1.984818     1.074257     0.028359     0.231200    -0.217110
   -1.257060    -1.878354    -1.849826    -1.378387    -0.936581    -2.082329    -2.488597    -2.885192     0.451259    -1.817984
   -1.789221    -0.244393    -0.099938    -1.724889    -2.175980    -0.496179    -1.395728    -3.289071    -1.080418    -2.012312
    3.130340     2.527956     0.989478     1.901583     2.175669     1.203745     1.282374     0.765180     2.796640    -0.635843
    1.904530     1.299392     2.250995     1.620496     0.599266     1.541528     1.165888     1.910927     0.199531     1.651195
   -1.494476    -0.123618    -0.549678    -0.949538    -1.568157    -3.151512    -1.241240    -1.518988    -1.430769    -0.341792
    1.595403     0.859878     0.251666     0.280506    -0.643922     0.284439     0.842260     1.724893     0.095413    -0.129884
   -1.462658    -1.463120    -1.855710    -1.988711    -1.603434    -0.770798    -1.653696    -1.806218    -0.437497    -1.777537
   -0.405733    -0.925956    -0.797933     0.155786    -0.568928    -0.175747    -0.354037     0.705713     0.025749     0.572804
    0.944348     1.298409     0.237902     2.517461     0.727665     0.781915     1.103304     2.062228     0.199591     0.910196
    1.324354     0.579843     1.117799     1.818639     1.899708     1.862754     1.772577     2.218192    -0.752564     1.357141
   -0.471859    -0.823940     1.246430     1.039861    -0.093075     1.040679     0.135859    -0.792133    -1.375632     1.140472
   -0.295607     0.404369     0.365444    -0.921890    -0.898163    -1.422797    -0.888620    -2.343278    -0.712715    -0.743824
    1.057023     0.070561     1.375138     1.448365     1.460048     0.373697    -0.021803    -0.197114    -0.048456     0.115591
    1.241369     0.039168     0.111739    -0.267566     0.390144     0.586935     0.545236    -0.014282     0.084912    -0.956174
    0.746953     0.876366    -0.596313     1.203121     0.118479     1.722590     2.088701     1.355774     0.255910    -0.208175
   -0.253593    -0.222504    -0.029174     0.748835     1.335004     0.865470    -0.032179     0.360221     0.373055    -0.285448
   -0.448088     0.356453    -0.338754    -0.595858    -0.113225     1.190246     0.435926     1.766678    -0.348325     0.877593
   -2.583942    -2.864023    -2.210770    -2.819164    -3.999502    -1.478250    -1.495351    -1.207614    -1.123697     0.047466
    0.663087     0.688759     1.299488     0.340349     0.637780    -0.443859     0.872205    -0.497401    -0.422998    -0.582468
    0.225459     0.633474     0.514448    -0.125502     0.694331    -0.316386    -0.723995    -1.289980    -0.423132    -0.115095
    1.801379     0.704641     0.470474     1.511797     2.467259     2.865790     1.262886     3.225321     0.348125     0.688688
    0.681238    -0.771213    -0.484452    -0.159517    -0.448742    -1.179264    -0.528955    -0.729594    -0.373477    -0.318128
   -0.279466     0.580446    -0.315789    -0.047097     0.050877    -1.146291    -1.758006     0.041853     0.465766    -0.145566
   -1.675634     0.061680    -0.779264    -2.432488    -1.193569    -1.217327    -0.813932    -0.528574    -1.384739     0.482346
    0.305804     0.219571     0.348692     0.596324     0.035890    -2.536369    -1.435603    -1.860604    -0.629859    -0.239891
    0.269585    -0.667441    -0.057844     0.249365     0.352914    -0.020213    -0.359420     1.226223    -0.685547     0.162129
   -0.094282     0.509358     0.680251    -0.393283     0.020756    -0.416508     0.237593     0.594229    -0.498015    -0.435665
    0.947607    -0.838666    -0.820006    -0.017855     0.003828     0.094667     0.581953    -0.012004     1.103897    -1.585701
    0.099137     1.485005     0.864036    -0.016877     0.979645    -1.392182    -0.976776    -0.761405    -0.300291     0.736980
   -1.714683    -1.157834    -1.202491     0.083106    -0.041838     0.410160     0.978750    -0.075580     0.698352     1.842353
   -1.451152    -0.642248    -0.448028     0.390154    -0.591362    -0.529150    -0.664321    -0.932575    -1.497829    -0.341710
    1.160152     0.229588     0.573997    -0.065080     0.814446     0.121783    -0.306217     2.040059     0.577936     1.284154
    1.292419     0.567739     0.570086     1.176841     1.105976    -0.173009     0.186347     1.380351     0.184789     0.158504
    0.390235     0.809158     1.126385     1.140884    -0.116445    -0.128071    -0.051785    -1.217841    -0.801586    -1.113781
    0.192133     1.059488     0.339078     0.233705     0.602926    -1.192377    -2.329133    -1.010497    -1.608086     0.597767
    0.347211     0.178431     0.465999    -0.027948     0.637985    -2.042040    -1.073511    -0.002453     0.455898     0.142055
   -0.053684     0.687706     1.287380     1.515180     1.699819     1.906251     1.398249     1.686740    -0.134347     0.503916
    0.653008     1.332178     0.952494    -0.545638    -1.102146    -1.777996    -0.335630    -0.880413    -0.358182    -1.903835
   -0.299688     0.258648     1.355490    -0.393552    -0.219822     0.023613     0.592597    -0.471913     0.061128    -0.443325
   -2.118676    -1.060078    -0.697987    -1.530429    -0.775008    -0.346866    -0.604341    -1.247039    -1.588813    -0.623698
   -1.401401    -0.504299    -1.065709    -0.214598    -0.871414    -1.667343    -1.300836    -0.086167    -1.393418    -0.170789
    1.940602     1.079030    -0.273690     0.847063     0.375902    -0.975934    -0.440158    -0.844585     0.618994    -0.231698
   -0.230133    -0.462190     0.234734     1.223497     1.070472    -0.598164     0.280231     0.179251     0.113724     0.863690
   -1.659361    -1.752798    -0.886060    -1.224781    -0.062958    -0.533137    -0.494763    -0.819160     0.405649    -1.184037
   -0.894873    -0.094876    -0.648186    -1.641865    -1.354800    -1.966315    -2.271431    -1.464507    -1.601804     0.795761
    0.716218     0.133253     1.107068     1.236558     0.777444     1.163619     1.173498     2.626934     0.910384     1.390534
    0.067093     1.046097     0.792353     1.061736    -0.947803    -0.507443    -0.657060    -0.050470    -1.171402    -0.246361
   -0.463986    -0.341665     0.785359    -0.180835    -0.572444    -0.657373     0.507714    -0.655756    -0.550965     0.196669
   -3.465704    -3.288033    -1.900399    -1.822194    -1.640317    -1.233684    -2.515327    -1.115522    -2.030386     0.616724
   -0.831660    -0.763428     0.302627    -0.030792    -0.147362     0.416736     0.061571     0.236241     0.904489    -0.279325
    0.497279     0.143174     1.089371     1.087324    -0.198237     0.744322    -0.244001     2.781712    -0.619648     2.111484
   -0.037464    -1.566977    -1.081068    -0.150969    -0.205345    -0.900726    -1.149857    -0.597788     0.143253    -0.263104
    0.916810     0.700776     1.593067     0.773771     1.443515     2.132755     2.419271     3.359275     1.161004     1.613832
    1.381770     2.784301     1.380509     1.854644     2.401684     2.653877     2.454545     3.549690     0.663657     2.833480
   -1.576616    -0.264494     0.091205    -0.392061    -0.614150     2.655596     0.456975     0.315682    -0.545217     0.908804
   -0.614132     0.148651    -0.431119     0.660565     0.118141    -0.919596    -0.772709    -1.282379    -0.769437     1.163812
   -0.632948    -0.315862    -0.120705    -0.050510     0.302816    -1.043103    -1.063495    -0.195538    -1.873049     0.212270
    2.021089     2.768844     2.391381     1.852069     3.292444     2.588478     2.667060     4.257322     1.071937     2.194374
   -0.068663    -0.099143    -0.707133    -0.882428    -0.554282     0.498291    -0.438708     0.242585     0.302768     0.287420
    0.529755     0.241327     0.162306     0.620680     0.649446     1.223550     1.802606     1.297137     0.578029     0.051865
   -0.771501    -1.825887    -1.659465    -1.880517    -1.668500    -1.040123    -1.107379    -1.406873    -0.531713    -0.882813
   -0.924658     0.810325     0.616666     0.046849    -1.752098    -1.057967    -1.162936    -0.170829    -2.164074    -1.460004
   -0.470555    -0.129087    -0.242318    -0.518613    -0.170034     0.520480    -0.816004    -0.426926    -0.242627     0.765303
    0.284659     1.567293     1.659446     1.073695     0.820703    -0.173459    -0.789654    -0.264841    -1.399025    -0.106392
   -0.684452    -1.757876    -1.060890    -2.811770    -1.662013    -1.203977    -0.335474    -1.730852    -0.739371    -0.676596
    0.735840     0.093382     0.338996     0.722387     0.920171    -0.382424     0.674243     1.309110     0.330264     0.969365
    1.421416     0.200387     0.817557     1.416668     1.306571     1.816120     0.064116     0.542738     2.276221     0.885455
   -0.352921    -0.220990    -0.345257    -0.193701     0.176797    -0.266459    -0.937787     0.826595    -1.176470     1.002991
   -1.429505    -0.483253    -0.744328    -0.462731    -0.959393    -0.292816    -0.417794    -0.157975    -0.065333     0.633945
    0.609600     1.348204     1.669512     1.446303     1.575429     1.636594     1.218713     1.472426    -0.368574     0.895694
    0.833395     0.966706     1.946969     0.631779     0.677973     1.442725     1.598524     1.430314     0.237792     0.614126
    1.167349     0.734525     0.803679     0.400272     0.796593     1.345726     1.020464     2.377596     0.816890     1.412257
    0.838155     0.055652     0.112356     0.743059    -0.086343     1.478004     0.479732     0.594081     1.500555    -0.895769
    0.994502     1.032568     0.345860     0.278305     0.712191     0.143958     0.500483    -0.883371     0.725309    -0.892914
    1.670998     0.936808     1.324238     1.278310     1.435687     1.179568     0.858423     1.103174     1.220822     0.755316
    0.770962    -0.690937    -1.008184    -0.353402    -0.353466     0.348862     1.328009     1.279548     0.277641    -0.868885
   -2.531625    -1.796518    -1.479126    -1.881662    -2.535179    -3.230166    -2.600468    -3.213595    -2.104177    -0.121008
   -2.424200    -1.898686    -1.972487    -2.140825    -2.692940    -1.592048    -1.519280     0.145198    -0.392428    -0.316541
    2.118902     0.694546     0.416125     0.665516     1.989145     0.184062     1.430013     1.912594     1.417498     1.440391
   -0.333940     1.207351     0.286155    -1.382614    -0.414454     0.027419    -1.252362    -1.308185    -0.811927    -0.173743
   -2.289682    -2.626299    -3.101198    -2.654970    -1.278893     0.351825    -0.615896    -0.437992    -0.582754    -0.284329
   -0.307146     0.612752     0.618592     0.494537     0.462218     0.255406     0.126697     1.812827    -0.318675     1.786939
    0.958606     0.668405     0.094428     0.500858     0.952223     1.534049     1.449976     0.975727     1.598368    -0.487821
    1.247301     1.329460     0.542360     0.708202     1.016672     0.448632    -0.201533     0.454467     0.352477    -0.854159
    2.492924     2.147673     2.150186     2.591742     2.993095     3.252137     4.340113     1.750413     2.056175    -0.622932
    0.464876    -0.088319     0.066934    -1.189147    -0.676465     0.556181     1.690352     0.664459     0.576256     0.543779
   -1.551170    -1.174298    -0.300064    -0.081062    -1.034048    -2.305006     0.443269    -0.160219    -1.733896     1.129505
   -0.025971    -0.540466    -0.776230    -1.924722    -0.535339    -0.377884     0.081717    -0.152370    -0.343880     0.109579
   -1.163227    -0.757521    -1.259447    -1.744400    -0.754279    -1.008941    -1.898089    -0.697036    -0.795621    -0.455940
   -2.062453    -1.703227    -1.127357    -1.191519    -1.126361    -0.585233    -1.224502    -1.228927     0.105128    -0.156373
   -0.282265    -0.274301    -1.327095    -0.663600    -0.710457    -2.369060    -0.099966    -3.230924     0.683308    -1.688898
    2.919725     3.412778     1.696202     3.626714     2.743448     3.770308     2.135855     2.498726     0.677125     1.505114
   -0.374565     0.131257    -0.154014     0.946365    -0.395083     1.209197     1.156580     2.208647     0.962256     1.531233
   -1.246578     0.044482    -0.631076    -0.876471    -1.081444    -0.195644     1.373337     0.618715     1.032019     0.140666
   -1.845759    -2.602704    -2.009183    -3.187574    -0.963421    -1.313465    -2.734011    -2.727840    -0.974273     0.040333
    1.608906    -0.937544     1.734965     0.489268     0.901682     0.059365    -0.677275    -0.786513     0.925752    -1.763561
   -0.954458    -0.829615    -0.725710    -1.104722    -1.653185    -1.699960    -1.567071    -1.485022    -0.432064    -0.510646
    1.926189     1.548303     1.987938     1.034138     0.734254     1.973993     1.649399     1.464589     1.430429     0.995034
   -0.277822    -1.130751    -0.026784    -0.673098    -0.623734     0.203551    -0.834043    -1.508136     0.428053    -0.882310
    1.498943    -0.105489    -0.089823    -0.498929     1.265012     1.701906     0.302139    -0.673937     2.288196    -0.530579
    1.162754     1.433873     0.677931     2.327323     1.126180    -0.016710     0.737332    -0.597030     0.547562    -0.395498
    1.068014     1.092703     0.626868     0.674125     0.419286     1.277046     1.251041     2.412471    -0.680433     0.382094
   -0.307719    -0.576802    -1.326740    -0.134664    -0.466057     0.780147     0.841913     0.677952     0.167477    -0.310125
    0.208384    -0.387735     0.315932     0.918801    -0.042270    -0.903602    -0.836219    -0.419917    -0.223202    -1.577931
   -0.723140    -0.089101    -0.890592    -1.158009    -0.913151     2.348860     1.406752     2.286650     0.048000     1.463520
   -0.431384    -0.930201    -0.654676    -2.058436    -0.932602    -0.724844    -2.059587    -0.744131    -0.453248     1.494700
    1.342201     0.625454     0.773558     1.359078     1.557808     0.187717     0.048753     1.657498     0.775420     1.413055
    1.209399     1.885389    -0.372044     1.192358     2.610293     2.257259     0.955766     2.799816     0.502920     0.672748
    0.158020     0.456438     0.113353    -0.976470    -0.935609    -0.646230     0.841192    -0.447617     0.690027     0.583457
   -0.118746    -0.883279    -1.142110    -0.957360    -1.754801    -0.252723    -0.229352    -0.930539    -0.590561     0.229240
    0.112851    -0.127753    -0.214145    -0.148093    -0.188592    -1.148770    -0.650777    -1.107201    -0.492059    -0.574282
    1.868449     1.882961     2.163262     1.204411     1.747766     0.336362     0.015330     0.432917     0.776861    -0.945959
    1.989252     0.144018     0.633971     1.021267     0.409975     1.461007     1.627522     3.827502     0.816303     2.171316
   -0.626229    -1.565121    -0.553228    -0.302782    -1.518287    -1.113081    -1.495760    -0.295560    -0.538355    -0.402215
    1.351706     0.675391     0.271326     0.988306     2.129664     2.467351     2.682423     1.902193     0.368281     1.063304
   -1.200248    -2.516561    -1.457632    -1.640388    -2.217694    -2.944237    -1.379253    -1.324414    -1.557531     0.193635
    1.938659    -0.232999     0.384106    -0.145661     0.770950    -0.168036    -0.115563    -1.306834     1.004342    -0.253692
    0.655643     0.558876     0.694694     0.786682     1.089157     1.292114     0.635728     1.426795    -0.016378     1.362621
   -0.310333    -0.439392     1.268570    -0.518008    -0.339123    -0.404573     0.581913    -0.906773    -0.581668    -0.104083
    0.824861    -0.944992     0.503675     0.123070     0.101162     0.297395     0.054837     1.588370     0.014231     0.432013
   -0.695536    -0.682403    -0.653634    -0.923828    -0.479110    -0.239489     0.820628     1.808389    -0.384279     1.668237
   -2.620139    -2.109380    -1.899307    -1.255621    -3.269251    -1.541434    -0.951202    -1.147620    -1.987583    -1.359523
   -1.740273    -0.754195    -1.176425    -1.505833    -0.332332     0.459016    -0.355204    -0.656779    -0.581931    -0.347448
    0.615634     1.400302    -0.404370     0.812032     1.637248    -0.349212     0.093898    -0.711490    -0.466763    -1.338428
   -0.265754     0.578659    -1.152330     0.619351    -0.186950     0.253515    -0.228171     0.512701    -1.244578     0.033572
    0.746994    -0.290556    -0.923978    -0.438169    -0.033257     1.351984     0.011729    -0.055471     1.011829    -1.050970
    0.289199     0.445282    -0.006750    -1.257712    -0.525505    -1.127053    -0.558905    -0.970274     0.543502     0.098508
    2.614538     0.554923     1.927876     2.359003     2.350052     2.722857     3.242428     2.329078     0.409075     1.236299
    0.176142    -0.077602     0.043327     0.216418     0.386715    -0.581504    -1.359432    -1.007106    -0.855744    -1.020826
    2.451734     0.468946     1.019819     3.062069     1.154963     2.198750     3.258713     4.554011     2.332625     0.813633
   -0.707820     1.678129    -1.323917    -0.653132     0.415473    -0.250034    -0.823436    -0.579482    -0.302955    -0.465280
   -1.657345    -0.158413    -0.745544    -0.941401    -1.029232    -0.546933     0.193682    -0.346651    -0.368615    -0.356793
    1.913503     2.102280     1.661284     1.359584     1.686905     0.315634     1.028226     1.931895     0.627259    -0.433588
    0.652332    -0.455397     0.123446     1.586399    -0.320973     1.447005     1.103665     0.448152    -0.053822     0.199096
   -0.490639    -2.159977    -1.118088    -0.953928    -2.074790    -1.070472    -1.279956    -1.944671     0.403350    -1.272712
   -1.623587    -0.904165    -0.964454    -1.986956    -2.027708    -1.962494    -2.537079    -1.401519    -1.873224     0.411290
    2.494819     1.110041     1.442320     0.396477     2.039549     0.894811     0.346778    -0.561514     0.079601    -1.713613
    0.775153    -0.045197     0.848021     0.110744     0.175503     0.615258     0.168530     1.285512    -0.465665     1.161616
    0.037251    -0.586023    -0.449920    -0.921273    -1.334339     0.272956     0.107986    -0.287336     0.030385     0.787882
    1.798486     2.136242     1.145250     2.544295     2.742523     2.890319     1.204388     3.062917     1.340348     0.642758
    0.647987    -0.005515    -0.568655     0.160645     0.112778     0.379448    -1.027628     0.813280     0.557773     0.079077
    2.056929     2.556232     2.197935     1.215161     2.639606     1.714657     1.236347     4.541497     0.085466     3.175974
   -0.406826     0.178332    -0.722871    -0.540755    -0.255757    -1.299183    -1.895897    -1.918905    -0.958723    -0.169742
   -0.256886    -0.171959    -0.148544     0.154454     0.744411     1.769456     2.189752     1.248985     1.130186     0.460737
    1.409587    -1.127876     1.316413     1.183694    -1.326054     1.945508     1.361819     2.202685     1.249958     0.792189
   -0.966385    -1.440152    -0.042944    -1.996561    -0.263935    -2.249379    -0.989801    -0.191943    -1.659216     0.218877
    1.490950    -0.110544    -0.084595     0.360577    -0.115553     0.391562    -0.411268     1.532671     0.038217     0.363904
   -0.471912    -0.036612     0.039389    -1.727775    -1.088175    -3.289515    -3.017150    -2.763392    -0.432754     0.011807
    0.769016    -0.426728     0.154050    -0.106563     0.509188     1.172898     1.252182     0.741620     1.430806    -0.554421
    1.451336     1.824687     1.845691     1.875850     2.003985     1.400583    -0.195160     0.916545    -0.972038     1.411119
    0.227067    -1.079196    -0.432890    -0.211917     0.601657    -0.738879    -1.129318    -0.566735     0.001684     0.081932
   -0.378523    -0.371190    -0.538758     0.848487     0.099523     1.425627     0.762407     0.532034    -0.584726     2.004510
    1.207079     0.298908     0.837370     0.618215    -0.086176    -1.459013    -0.580828    -0.840804    -0.582808     0.647763
   -0.213334    -0.714176    -2.176388    -0.147892    -0.517562    -1.217709    -1.535160    -2.492248     0.194898    -1.580877
    2.038582     2.205611     1.416039     2.245206     1.788131     0.770764     2.423328     3.458207     0.595976     1.551943
    1.836837     2.443557     2.587359     2.594667     1.729009     2.630940     1.850677     2.410802     0.536650     0.007046
    0.202804     0.704285     0.792310     1.210853     0.128456     1.734272     0.191362     2.171052    -1.106096     1.816370
   -0.459336     0.872484    -0.944378     0.034144     0.063138    -1.236133    -0.955443    -0.933023     0.130957    -1.950607
    1.386384     0.897947    -0.241959     0.000091    -0.217363    -0.662357     1.673638     0.887803    -0.060682     0.189420
   -2.642350    -1.354521    -1.128367    -2.422199    -2.242511    -3.252151    -2.098950    -2.277968    -1.517233     0.019322
    0.448989     1.172500     0.413636     0.356847     0.596514     1.370204     0.346898     0.343880     0.147063     0.657800
    0.801803    -0.706634    -0.974988    -0.827162    -0.532771    -0.791901    -1.376135    -0.705998     1.394070     0.119684
    0.526066    -0.639092     0.762444     1.435934     0.878562     1.973173     2.197258     2.670908     1.304753     0.339054
   -0.225892     0.787279     0.924560     0.555495     0.885554     0.086210    -0.513878     1.740251    -0.985691     0.559885
    1.993524     2.067722     1.309152     2.376009     1.918843     1.341339     1.528040     0.126855     1.141125    -1.380233
    0.753371     0.980572     1.355044    -1.013240     0.682247    -0.524086    -0.952537    -1.360060    -0.879856     0.413293
   -2.003037    -1.854431    -2.208598    -2.039541    -2.255077    -1.703009    -1.663696    -1.121517    -0.552576     0.879289
   -0.319228    -0.023407     0.152690    -0.606973    -0.368448    -0.584527    -0.510609     0.145792    -0.723257     0.021923
   -0.297926    -0.373817    -0.083071    -0.491759    -1.014343    -0.355973    -1.651509    -1.570677     0.731085    -1.163912
