   -0.378212    -0.071063  1
   -0.642390    -1.070607  1
   -2.607283    -0.267618  1
    0.369497     0.659249  1
    1.840645     2.633578  1
   -0.547939    -0.474020  1
    1.118249     1.761892  1
    1.498051     1.532247  1
    1.614813     0.638302  1
   -0.324082     0.385713  1
    0.092885    -0.452574  1
   -0.813546    -0.749209  1
    0.194861    -0.403917  1
   -1.638371    -1.408765  1
   -2.170948    -1.865497  1
   -0.631741    -1.030157  1
    0.659143     0.098830  1
    1.681051     1.202535  1
    1.492191     0.339990  1
   -0.987352    -0.077730  1
    0.160058     2.042615  1
   -1.967167    -1.248423  1
    1.334747     0.531637  1
    0.421255    -0.409397  1
   -0.441849    -0.503795  1
    1.670804     0.776363  1
    1.132669     1.299449  1
    0.001155    -0.155192  1
   -0.889814    -0.457354  1
   -0.491681    -0.438278  1
    1.138969     0.799576  1
   -0.498782    -0.228058  1
    1.586160     1.958571  1
   -1.425103     1.185823  1
    1.681093     0.187473  1
   -0.054526     0.627219  1
    1.152402    -0.248787  1
   -0.465919    -0.327372  1
    0.725851     0.003176  1
   -0.196002    -0.607236  1
    0.229179     0.170793  1
   -1.628016    -1.563830  1
   -0.800716    -0.701051  1
    0.002529     1.632288  1
   -0.748524    -1.728603  1
    0.171048     0.296653  1
   -0.618664    -0.295856  1
   -1.536365    -1.336044  1
   -1.165353    -0.997903  1
    2.001439     1.524269  1
    0.479356     0.358938  1
    1.288566     0.526791  1
    1.361415     1.799297  1
   -1.727467    -1.229537  1
    0.948908     0.751842  1
   -0.609729    -0.975013  1
   -0.982490    -0.147412  1
    0.003593    -0.079793  1
    1.593307     1.528156  1
    0.866679     2.260725  1
   -2.304542    -0.926078  1
    1.430785     0.570581  1
    0.329701     0.653427  1
   -1.016235    -0.714033  1
   -0.362364    -1.035111  1
   -0.619229     0.205671  1
    1.412065     2.180522  1
   -0.589125    -0.435104  1
    0.884865     1.000171  1
    0.100824    -0.026888  1
   -1.640712    -0.991585  1
   -1.367823    -1.137470  1
    1.637270     1.224879  1
   -0.672480    -0.525220  1
   -0.113838     0.982326  1
   -0.218981    -0.252407  1
    0.670840    -0.170413  1
    2.035031     1.589370  1
   -1.611916    -0.457174  1
   -0.518566    -1.111027  1
   -0.402367     0.348086  1
    0.879643     1.250973  1
   -1.281827    -2.075819  1
    0.657486     0.248547  1
    0.430863     0.122177  1
    0.676523     1.050342  1
   -0.189756     0.628402  1
   -2.799128    -1.271771  1
    0.506951    -0.453991  1
    0.915849    -0.140484  1
    1.747824     1.604330  1
    0.304679    -0.243597  1
    0.513299     0.311473  1
    1.241266     0.012856  1
   -0.600892    -0.004589  1
    1.411062     1.077435  1
    0.906526     0.394101  1
   -0.255368    -0.317927  1
   -1.980471    -2.948609  1
   -1.491287     0.582902  1
   -1.537069    -1.572395  1
   -1.284263    -2.515051  1
    0.785740     0.936693  1
   -0.931588    -1.881430  1
    2.170834     1.717709  1
    0.516601     0.449997  1
   -1.351607    -1.489744  1
    0.339890     0.687133  1
    1.060307     1.324245  1
   -0.682687    -1.649961  1
   -0.640946    -0.336517  1
    0.020578     0.755214  1
   -0.659612    -0.782391  1
    1.742903     2.376994  1
   -0.520867    -0.887222  1
   -1.381886    -1.176051  1
    0.767187     1.211936  1
   -0.219956     1.023980  1
    0.183284    -0.756009  1
   -0.086063     0.155010  1
   -0.549480    -0.419040  1
    1.096317     0.978605  1
   -0.339239    -0.456659  1
    0.221722     0.550634  1
    0.955884     0.928585  1
    0.732033     0.173027  1
    0.268161     0.224733  1
    1.198827     1.285768  1
    1.817812     1.478535  1
    0.475416     0.525452  1
    0.803735     0.503827  1
   -1.293825     0.038062  1
   -0.505804    -0.465867  1
    3.058081     1.820344  1
   -0.754190    -1.055373  1
    0.307292     0.917041  1
    0.434065     0.588801  1
    1.790539     1.783605  1
   -0.747926    -0.211909  1
   -1.093590    -1.221357  1
   -0.206034    -0.916699  1
    1.411345     0.851956  1
   -1.393998    -0.253866  1
   -1.204932    -1.577448  1
    0.180525    -0.371864  1
   -1.273500    -0.938103  1
   -0.511673    -0.709963  1
   -2.481456    -2.393152  1
    1.309739     0.341062  1
   -0.486973    -0.055905  1
    1.079965     1.691469  1
   -0.328359    -0.583342  1
    1.234878     0.785993  1
    1.490639     1.661392  1
    1.301206     0.081914  1
    0.540554     0.469597  1
    0.366205     1.008517  1
    0.805370     0.267722  1
   -1.107619    -0.404105  1
   -0.619754     0.622973  1
   -1.891769     0.217467  1
    1.040632     0.152435  1
    0.487852    -0.157433  1
   -0.276070     1.288510  1
   -0.020666     0.465777  1
   -0.537749    -1.523822  1
   -0.277447    -0.144248  1
   -0.758889    -0.225543  1
    1.086854     1.578830  1
    0.823743     0.022043  1
   -0.212952    -0.452703  1
    1.587332     1.346102  1
    1.094877     1.753873  1
   -1.157637     0.358505  1
   -1.069547    -1.378372  1
    0.046806    -0.023486  1
    0.416689     1.533914  1
    0.838263     1.056322  1
   -0.428776     0.138699  1
    1.550649    -0.118200  1
   -1.421525    -1.019884  1
   -1.623828    -0.808424  1
    1.235948    -0.001715  1
    0.779224     1.127814  1
   -1.705109    -0.520390  1
   -0.150232    -0.145122  1
   -1.519464    -0.544007  1
   -0.357585    -0.988405  1
    0.185064     0.513775  1
   -1.916217    -2.746140  1
    1.253753     2.028166  1
    0.022389    -0.455112  1
   -0.800257     0.307141  1
   -1.489292    -1.090504  1
   -0.255132     0.430217  1
   -1.008656    -1.473518  1
   -0.247365    -1.347077  1
   -0.871673     0.381051  1
    0.197927    -1.275665  1
    0.549052     0.431392  1
   -0.204839     0.816415  1
   -0.302162    -0.077664  1
   -1.504136    -1.825432  1
   -0.769895    -1.694725  1
    0.523810     0.579223  1
    0.215376     0.629321  1
   -0.827698    -0.551207  1
    0.537573     0.564722  1
    0.332327     0.128163  1
   -0.541335     0.043287  1
   -1.828692    -1.955084  1
   -0.916764    -0.125151  1
   -0.209118    -0.124718  1
   -0.224172     1.053271  1
    0.009549    -0.837557  1
   -0.382449     0.417491  1
   -0.811177    -1.502171  1
   -0.402399     0.379394  1
   -0.239777    -1.234006  1
   -0.396517    -0.875708  1
   -0.744856    -0.012251  1
   -0.184731    -0.579615  1
    1.602958     2.396697  1
    0.628530    -0.078595  1
   -0.821343    -1.389366  1
   -0.315219     0.333574  1
    1.593476     2.561147  1
    2.606214     1.767039  1
    1.705365     0.321908  1
   -1.067412    -2.010225  1
   -1.797598    -0.663969  1
   -1.270853    -0.369982  1
   -1.519962    -0.850022  1
    0.678260     1.329140  1
   -0.396102    -0.189736  1
   -1.200664    -1.495635  1
   -0.706097    -0.080844  1
    1.342450     1.288896  1
   -1.302986    -0.718876  1
   -0.492828    -1.307319  1
    1.531519     0.722692  1
    1.341219     0.557519  1
    0.403669     0.172000  1
    0.844878     1.288900  1
   -2.597055    -1.766895  1
    0.354621     0.871796  1
   -0.115287    -1.173777  1
    2.172509     1.285075  1
    1.041431     1.720966  1
   -0.805603    -0.395816  1
    0.311053    -0.014701  1
    1.974035     1.263266  1
   -1.469275    -1.924078  1
   -0.198902     1.078687  1
    0.582876     0.020719  1
   -0.337424    -0.090555  1
   -0.616210     0.515373  1
    0.478517    -0.131600  1
    1.104215    -0.129015  1
   -0.720486     0.807375  1
   -0.651647    -0.818564  1
   -0.488706     0.253131  1
    0.060866    -0.166752  1
   -0.801130    -1.245938  1
   -0.908659    -0.323697  1
   -0.400926    -0.551204  1
    0.275875    -0.062079  1
    1.212499     1.089070  1
   -0.900321    -0.853646  1
    0.725903    -0.329383  1
   -0.872446     0.405891  1
   -0.480361    -0.294316  1
    0.753162     0.962792  1
    1.281719     0.933147  1
    1.685668     0.826786  1
   -1.354345    -1.013371  1
   -1.465754    -0.471036  1
   -0.549797    -1.034324  1
   -1.091583    -1.631381  1
    0.134298     0.528645  1
    0.252121     0.408152  1
    0.644231    -0.602576  1
    1.199273     0.921936  1
    0.760103     0.572345  1
    0.897820     0.482369  1
   -0.275984    -0.499653  1
   -1.836966    -1.392678  1
   -0.335519    -1.196141  1
    0.022699    -0.471157  1
   -0.502077     0.670286  1
   -0.123658     0.401575  1
    1.460459     1.026012  1
    0.093418    -0.033411  1
   -0.090547     0.786486  1
    0.431361     0.703599  1
   -0.675099    -0.442595  1
   -0.507563    -0.181923  1
   -0.047850    -1.237504  1
   -0.170315     0.351275  1
   -3.543025    -1.673515  1
    0.044090     0.164316  1
    0.908036     1.267010  1
    1.318351     1.747905  1
   -1.044764    -1.283077  1
   -0.550847     0.135097  1
   -1.256307    -0.097522  1
   -0.459321    -1.341687  1
   -0.294518    -0.669122  1
    0.958325     0.528634  1
    1.775611     0.750887  1
   -0.911977    -0.931742  1
   -0.559333    -0.897960  1
   -1.301006    -0.750859  1
   -0.495462    -0.875177  1
   -0.847412    -0.943549  1
   -0.714400    -0.557398  1
   -1.076853     0.174811  1
   -0.037226     0.550803  1
    0.058688    -0.367811  1
   -0.884201    -0.477878  1
    0.159090    -0.094595  1
   -2.014225    -2.163635  1
    0.954953     0.857042  1
    0.798210    -0.334042  1
    0.236022     0.211989  1
   -0.356000     0.458414  1
   -1.115965    -1.407055  1
    0.993312     0.954883  1
   -0.138424    -0.048939  1
    0.109392    -1.052770  1
   -0.145300    -0.281743  1
   -0.287215    -0.471864  1
    0.133127    -0.291860  1
   -0.137000    -0.834148  1
    0.156184    -0.057967  1
    0.854639     1.151998  1
    0.370763     0.978925  1
    0.477965    -0.212376  1
    1.224337     0.586240  1
    0.545825    -0.427119  1
    1.440276     3.124896  1
   -0.702555    -1.299074  1
    0.070363     1.292108  1
    0.441605    -0.054738  1
    0.528781     0.124763  1
    0.634547     1.053556  1
    0.108327     0.586649  1
   -0.796655    -1.289927  1
    1.139125     0.815677  1
    1.109660     0.496515  1
    0.825812     1.307718  1
    0.520071     0.378667  1
    0.395623    -0.120456  1
   -2.105758    -1.344222  1
   -0.283079    -0.177432  1
   -0.745956    -1.563143  1
    0.161375     0.632645  1
   -0.321420     0.034597  1
   -0.928202    -0.663564  1
   -0.118072     0.638937  1
   -0.870305    -0.372190  1
    0.675266    -1.146366  1
   -0.649487     0.138448  1
   -1.441225    -0.814499  1
    1.022663     0.433125  1
    0.991770     1.289651  1
    0.021615     0.470600  1
    0.244553     1.267376  1
   -0.266210    -0.168127  1
   -1.146347    -1.188941  1
   -0.629779    -0.760934  1
   -0.723749    -0.621166  1
    0.201719    -0.297623  1
   -0.237954     0.294638  1
   -0.010660     1.067442  1
    0.259851     0.540998  1
    0.294442    -1.529311  1
   -0.611523    -1.146908  1
   -1.191349    -2.335984  1
    0.646188     0.740691  1
    0.569483     0.322721  1
   -0.758908    -0.551885  1
    0.197442     0.384415  1
   -0.690946    -1.457560  1
   -1.182456    -0.476721  1
    1.474293     2.142598  1
   -0.653531    -1.373051  1
   -0.407729    -0.687132  1
   -0.435865    -0.401056  1
   -0.344413     0.214519  1
    0.259942     0.983961  1
   -0.067029     0.062448  1
   -1.891125    -0.348719  1
    1.137520    -0.188664  1
    0.251698    -0.735547  1
   -0.329641     0.049421  1
   -0.014047    -0.079385  1
    0.287712     1.354041  1
   -1.371512    -1.317561  1
   -1.595590    -1.016757  1
   -1.530993    -1.809328  1
   -0.677442    -0.606013  1
   -0.888576    -0.379285  1
   -0.183685    -0.182557  1
   -0.586197    -0.082632  1
    0.065438    -0.805362  1
    0.602412     0.056602  1
   -0.211214     0.418082  1
    0.865583     1.519003  1
   -0.623615    -0.856643  1
   -0.045186    -0.146066  1
    0.315125    -0.288070  1
    1.332961     1.317742  1
   -0.236941     1.871227  1
    0.832868     0.376413  1
    0.619778     0.404707  1
    0.269745     1.223499  1
   -1.588680     0.169043  1
    0.111334     1.513079  1
    0.242936     0.074910  1
    0.872222     0.998164  1
    0.894335     0.825466  1
   -2.162784    -2.348037  1
   -1.307163    -0.384238  1
   -0.356869    -1.490750  1
   -0.183651     0.233457  1
    0.570689     1.092687  1
   -0.783503     0.328566  1
    0.749646     0.855118  1
    1.182854    -0.390594  1
    1.891309     1.911408  1
   -1.463958    -1.755636  1
   -0.772942    -1.827377  1
    0.294521     1.122666  1
    0.517629    -0.120009  1
    0.231797     0.203702  1
    0.150851    -0.806712  1
   -1.379994    -1.284730  1
   -0.656378     0.076260  1
    0.148671     0.484439  1
    0.111809    -0.303231  1
   -0.414671     0.223582  1
    0.383728     1.047807  1
    0.821839     0.966544  1
   -0.624783     0.686608  1
    1.763830     0.809072  1
    0.539550     1.395276  1
   -1.568200    -1.506804  1
   -1.522049    -0.995655  1
    2.153683     1.296086  1
    1.502460     0.203530  1
    0.115606    -0.005869  1
    0.081429     0.248806  1
   -0.424036    -0.274964  1
   -0.887665    -0.073372  1
    0.376830     0.799054  1
    0.203080     0.336498  1
    1.895954     0.915906  1
   -0.434095    -0.262504  1
   -0.629486    -1.426666  1
    1.644917     0.644456  1
    0.814372     0.485219  1
   -0.442662     0.556866  1
    0.125992     0.006566  1
    0.491218     1.195461  1
   -0.493235     0.418599  1
    0.417761    -0.161606  1
    0.647539     0.141544  1
    1.758966     1.744693  1
   -0.299087    -0.687905  1
   -0.178238     0.209123  1
    0.295481    -0.099079  1
   -2.338277    -1.861598  1
    0.731735     0.925529  1
   -0.062631    -0.015075  1
   -0.167142     0.435402  1
    1.812247     0.186370  1
   -0.858376    -1.024253  1
   -0.077848     0.908556  1
   -0.102632     0.642229  1
   -0.801900    -0.584705  1
   -0.234161    -0.826633  1
    0.150215     0.764910  1
    0.818927    -1.027712  1
    0.029533     0.979356  1
   -0.401640    -0.352050  1
    1.043891     1.025592  1
   -0.091507    -1.302085  1
    0.417253     0.600692  1
    0.076129     0.567410  1
   -0.751506    -0.747490  1
    0.928179     0.305378  1
    0.694075     0.519813  1
   -0.309348    -0.420700  1
    0.623367    -1.014039  1
   -0.178017    -0.360316  1
   -0.712579    -1.347608  1
   -2.047441    -2.308286  1
   -0.175182    -1.569748  1
   -0.435938    -1.155986  1
   -0.152557    -1.235179  1
   -0.045723    -0.246141  1
   -0.094660     0.227353  1
    1.416272     2.345951  1
    0.386167    -0.111903  1
    0.951652     0.349510  1
   -1.045582     0.000837  1
    0.544583     0.529277  1
   -0.252349    -1.043979  1
   -0.060438    -0.741139  1
   -0.041988     1.129623  1
   -0.279065     1.221907  1
    0.146584     0.614414  1
    1.560044     0.846840  1
    1.278604     1.163744  1
    1.447692     1.180085  1
    0.495830     0.989260  1
    0.325183    -0.042102  1
    0.345185     0.507353  1
   -0.704561    -0.959675  1
   -2.124055    -1.562675  1
   -0.157736    -1.132416  1
   -1.288130    -0.492933  1
    1.614023     0.285660  1
   -0.623703    -0.900476  1
   -2.426656    -1.701457  1
    0.564987     0.200003  1
    1.083784     1.354917  1
    1.161802     0.370103  1
    0.023987     0.645334  1
   -1.561490    -2.383133  1
    0.813952     0.329324  1
   -1.955746    -1.803028  1
   -0.358840    -0.252574  1
    0.541010     1.487608  1
    1.354162     1.305540  1
    1.578537     2.036153  1
    0.390342     0.673303  1
   -0.732592    -1.171948  1
    0.569978     0.673894  1
    0.348264     0.191020  1
    1.015410     1.236708  1
    1.259333     1.382455  1
    1.880088     2.471115  1
   -1.457584    -1.379464  1
   -2.124608    -2.924711  1
   -0.198417     0.037774  1
    0.572382     1.528503  1
   -2.030703    -1.746929  1
   -0.848882    -0.981183  1
    1.488376     1.426319  1
    0.426206     0.084557  1
    0.397914     0.536684  1
   -1.046295    -1.052594  1
   -0.045385     0.134849  1
   -0.270534    -0.555322  1
   -0.742793    -0.192318  1
    0.796220     0.602436  1
   -0.296521     0.010567  1
   -0.739115    -0.086053  1
    0.950627     0.930598  1
   -0.713625    -0.979172  1
   -0.716978    -0.263236  1
    0.305758    -0.884720  1
   -0.925774    -0.621604  1
   -1.020136    -1.464809  1
   -0.549318    -0.837886  1
   -0.393665     0.273050  1
    0.078609    -0.374514  1
    0.369278     1.620179  1
    2.529634     1.745055  1
    0.644006     0.340639  1
    1.303931     1.682141  1
    1.402737     1.139575  1
    0.357993     0.974965  1
    0.402811     0.776218  1
   -0.439088     0.832674  1
    0.153971    -0.873079  1
    0.006504    -0.203735  1
   -0.488468    -0.526396  1
    0.512492    -0.207060  1
    0.789676     1.808051  1
    0.239821    -0.594019  1
   -1.215852    -0.192591  1
    0.486457     1.291695  1
    1.810999     1.360278  1
   -0.500527    -0.373285  1
   -0.274967    -0.494996  1
    1.561043     0.487975  1
   -0.649282    -0.188646  1
   -0.458956    -1.588236  1
    2.269535     2.793210  1
    0.915034    -0.353862  1
   -0.319310    -0.268893  1
    0.749722     0.972962  1
   -1.284595     0.085506  1
    0.516047    -0.071294  1
    1.181546     1.534843  1
    0.858614    -1.384996  1
    1.938242     2.208359  1
    0.435709     1.033551  1
    0.868945     1.108553  1
   -2.099130    -2.072008  1
    1.288710     1.676660  1
    0.114159    -0.719366  1
    1.361892     1.834989  1
   -2.078447    -2.112459  1
    0.855706    -0.808608  1
   -0.852930    -0.201497  1
   -1.069173    -0.970292  1
   -0.663223     0.401013  1
    0.230905    -0.809178  1
   -0.656627     0.000025  1
    1.363747     1.012655  1
   -1.494345    -1.566062  1
   -1.061787    -1.706845  1
   -0.154939    -1.206730  1
   -1.345222    -0.715497  1
   -1.791585    -0.503407  1
    0.307023     1.986590  1
    0.477695    -0.061533  1
   -1.579011    -0.818377  1
    0.179121     1.098994  1
   -0.074454     0.426886  1
   -0.216799     0.446419  1
    1.233823     0.763127  1
   -1.565008    -0.445218  1
    0.940788     1.493333  1
    0.926838     0.442783  1
   -2.171720    -1.351436  1
    0.255525     0.343067  1
   -1.656001    -1.033830  1
    0.522100     0.189896  1
   -0.647312     0.279119  1
   -0.256159    -0.196920  1
   -0.036497    -0.191462  1
   -0.995805    -0.150633  1
    0.520946    -1.372803  1
    1.347338     1.966133  1
   -0.597698    -0.963588  1
   -0.302626     0.110202  1
   -0.606092     0.449298  1
   -1.163807    -0.594333  1
    2.282063    -0.135546  1
    0.388554     0.205840  1
   -0.626069    -0.553154  1
    0.811692     0.719891  1
    1.462294     1.821472  1
    1.498111     1.569213  1
    0.674524    -0.186713  1
    1.104345     1.838336  1
   -0.278233    -0.643545  1
    1.301832     1.284915  1
    0.141912    -0.498759  1
    1.995318     1.502466  1
   -1.280913    -0.246488  1
   -1.043334    -0.839651  1
   -0.358369    -1.824764  1
    0.896756     0.276815  1
    1.108861     0.215152  1
    0.224547     0.287197  1
   -0.511335    -0.850081  1
    0.505106     0.207957  1
   -2.525792    -2.473084  1
   -0.232105    -0.498895  1
   -0.031758    -1.398010  1
    0.050864     0.507071  1
    0.756398     0.802438  1
    0.638552     0.244363  1
    0.402770     0.727479  1
   -0.724769    -0.523091  1
   -0.596338    -1.098318  1
   -0.688631    -0.968048  1
   -2.498457    -2.153698  1
   -0.142325    -0.155523  1
    0.893042     0.944212  1
    0.115510     0.643514  1
    2.752320     2.557244  1
   -0.323066    -0.146210  1
   -0.343315    -0.217366  1
    1.665390     1.447229  1
    0.478183    -0.593746  1
   -0.649103    -0.682917  1
    0.574327     1.021197  1
   -1.206627    -0.298598  1
    0.048370    -0.625979  1
   -0.050765    -0.354447  1
   -0.750126    -0.751819  1
    0.996674     1.517204  1
   -0.050376     0.012059  1
   -0.694966     0.635399  1
    1.060628     0.438700  1
    0.238372    -0.501306  1
    0.109943     0.472500  1
   -0.531112    -1.118592  1
   -0.165971    -0.562322  1
   -0.317721     0.226219  1
   -0.855949    -0.344218  1
    0.104938    -0.457881  1
    0.927327     1.063029  1
    0.183822    -0.038287  1
   -0.805732    -0.281704  1
   -0.317976    -0.523898  1
   -1.909657    -1.422694  1
    0.613095     0.892202  1
   -1.232890    -1.145828  1
    1.353459     0.682483  1
   -1.285415    -2.136964  1
    0.155544     1.496583  1
    0.574865     0.442813  1
   -0.214060    -0.779556  1
   -1.120940    -0.016511  1
    1.235716     1.527904  1
    0.962847     0.264601  1
   -0.546958    -1.807738  1
    0.576259    -0.301076  1
   -0.122406     0.620012  1
   -0.459727    -0.437427  1
   -0.006267    -0.697122  1
   -0.654889    -0.193569  1
   -0.208511    -0.546250  1
   -0.118400     0.577876  1
    0.064571     1.161078  1
    2.537484     0.539324  1
    0.097856    -0.121573  1
   -0.557232    -0.978498  1
   -0.799966     0.438097  1
    1.610920     1.315629  1
    1.366731     0.772164  1
   -1.000687    -2.216612  1
    0.886211     1.237477  1
    0.853506     0.446658  1
    0.976802     0.329864  1
   -0.986773    -2.067077  1
    0.024176     0.601146  1
    0.570901     2.078121  1
    2.214673     1.969702  1
    1.552265     1.746070  1
    0.690641     0.353905  1
   -0.329644    -0.404764  1
    1.656599     0.605408  1
   -0.209665    -0.481685  1
   -0.126465    -0.207543  1
   -0.580669     0.467474  1
   -0.096523     0.098192  1
   -0.794322     0.657931  1
   -0.484883    -0.587099  1
    0.796744     0.054649  1
    0.736663     0.034221  1
    2.096508     1.422519  1
    0.566468     0.049878  1
   -0.111326    -0.469515  1
    1.621410     1.460451  1
    0.774987     1.090700  1
   -1.422918    -1.040790  1
   -1.629524    -0.249648  1
    0.477125     0.960596  1
    0.741505    -0.030362  1
   -0.349185     0.368020  1
    0.731977    -0.110201  1
    0.036660     0.078556  1
    1.494037     2.297888  1
   -0.944239    -0.609803  1
   -0.607736    -2.323939  1
   -0.030951     0.811286  1
    1.342426     1.895645  1
    1.314907     0.363181  1
   -0.881823    -0.893096  1
   -0.874151    -1.009603  1
    0.649999     0.948209  1
    0.553320    -0.274617  1
   -0.619636    -0.523736  1
   -0.517377     0.013106  1
   -1.076246    -0.299401  1
   -2.307198    -1.677101  1
    1.247319     2.151161  1
   -0.960207    -1.173307  1
   -0.095647     0.213178  1
   -0.103281    -0.537497  1
    0.404205     0.404812  1
    1.192674     2.467259  1
   -1.329057    -0.573902  1
    0.873792     1.897702  1
    0.054723    -0.856093  1
    0.720253     0.505948  1
   -1.114261    -0.627613  1
   -1.253908    -1.335503  1
   -0.126178     0.590195  1
   -0.031787     0.422381  1
    0.874811     1.063182  1
    1.029832     0.830136  1
   -0.606774    -0.925304  1
    0.856839    -0.226089  1
   -0.612493    -0.121724  1
    0.871250     1.038319  1
    0.410675     0.288400  1
    0.376097     2.138511  1
   -0.323394    -0.742365  1
   -0.675112    -0.774396  1
   -0.662041    -0.026639  1
   -1.147959    -1.976958  1
   -0.279332    -1.240698  1
   -1.290059    -0.228722  1
   -0.708184    -0.460194  1
   -0.410505    -1.146275  1
   -1.274891    -0.145389  1
    1.128910     0.129047  1
    0.666557     0.468908  1
    0.189669     1.086807  1
    0.206250     0.271671  1
    0.456684    -0.220893  1
    0.374599     0.490524  1
    0.164220    -0.478456  1
    2.019282     1.544108  1
    0.645470    -1.391700  1
   -1.588548    -2.039607  1
    0.528571     0.801034  1
    0.230451     0.151142  1
    1.222215     1.753251  1
    0.741833     0.922013  1
    0.646326     1.412740  1
   -0.861639     1.191372  1
   -1.176721    -0.474674  1
   -1.349114    -1.345685  1
   -0.752931    -0.554281  1
   -1.336928     0.258772  1
    1.147047     1.344358  1
    0.568447     0.704501  1
   -2.445109    -1.835700  1
    2.140613     2.719690  1
   -0.530833     1.635754  1
    0.045366    -0.073558  1
   -0.095076    -0.517592  1
    1.668228     1.721007  1
    0.105752     0.043659  1
   -0.500278    -0.796539  1
   -2.115096    -2.624260  1
    0.438925     0.313108  1
   -0.466927    -0.407788  1
    0.214121     0.752341  1
    1.235741     0.895299  1
    0.777432     1.765249  1
    0.945652     0.514773  1
    0.413871     1.569839  1
   -1.636141    -1.663205  1
    0.398644    -0.081575  1
   -0.602603    -0.560366  1
    1.505781     2.138110  1
   -2.476219    -1.877151  1
    0.578562     0.466687  1
   -1.132004    -0.629153  1
    1.269902     1.373795  1
   -0.989567    -2.016090  1
   -0.104708     0.105908  1
   -0.648361    -1.009962  1
   -0.289060    -0.369944  1
    0.299887     0.166029  1
   -0.990533    -0.559445  1
    0.528514     0.429153  1
   -0.410081    -0.064849  1
    0.367056     1.160386  1
    0.345744    -0.133265  1
    1.225829     0.978158  1
    0.426460     0.014146  1
   -1.052367    -1.385597  1
    1.220943    -0.085494  1
    0.657371    -0.585017  1
   -1.450534    -1.496966  1
    0.641768     0.340894  1
   -0.232804    -0.046600  1
    0.264076     0.149518  1
   -0.679346    -0.691675  1
   -0.893744    -1.301901  1
    0.184987     1.019723  1
   -0.214673    -1.420142  1
   -0.362742     0.770670  1
   -1.042616     0.073082  1
    0.430003     0.510062  1
   -0.956705    -0.549318  1
   -0.925248    -1.729436  1
   -0.039751     0.972914  1
    1.073958    -0.294430  1
    1.030993     1.980390  1
    0.850275     1.145660  1
   -0.046632     0.388434  1
   -0.541019    -0.249028  1
    1.323508     0.626136  1
   -0.304233    -1.147878  1
   -0.317445    -0.408916  1
    0.424076     0.892787  1
    1.391274     1.427194  1
    0.000470     0.568485  1
    2.230522     1.407385  1
    0.718467     0.460037  1
    0.564390     0.403785  1
    0.593763    -0.035291  1
   -0.049187    -0.148850  1
    0.430295     2.052355  1
   -0.342228     1.004171  1
   -0.444644    -1.118985  1
   -0.051345     0.458440  1
    0.191914    -0.133746  1
    0.488578     0.222793  1
    0.170979     0.035034  1
    0.081698     0.027579  1
   -0.952489    -0.312977  1
   -1.284631     0.771758  1
   -0.795031    -1.594057  1
    0.511151     0.321171  1
    0.105671    -0.915891  1
   -1.162255     0.058462  1
    1.643443     1.732072  1
   -0.246056    -0.392851  1
   -2.090808    -1.608959  1
    0.758442    -0.083109  1
    0.432161     0.170576  1
   -0.474067    -1.295816  1
    1.079643     0.033143  1
    0.654565     1.249178  1
   -0.639656     0.118302  1
   -1.049553    -0.218433  1
    0.497826     0.405594  1
   -0.461208    -0.632999  1
    0.481735     0.339403  1
    1.613184     1.176778  1
   -1.506124    -0.592102  1
   -0.397129    -1.147674  1
   -1.042444    -1.669785  1
    0.222443    -1.449266  1
    0.702638     0.930076  1
    1.429496     0.895509  1
   -0.007467     0.714606  1
   -0.584151    -1.194810  1
   -0.017308     0.657777  1
    0.131299     1.548235  1
   -0.682314    -0.444048  1
   -0.434069    -3.045305  1
    0.314598    -0.573213  1
   -0.441955    -0.129826  1
   -0.397371    -0.376158  1
   -0.928082    -0.428958  1
   -0.155032    -0.520706  1
   -1.095081    -0.703722  1
   -0.731948     0.105532  1
   -0.388676    -0.187189  1
   -0.149392     0.152780  1
    0.934064     0.917617  1
   -0.972609     0.142097  1
    0.971795     0.717908  1
    1.051238    -0.001942  1
   -0.305217     0.166666  1
    1.400063     0.464284  1
    1.913142     0.976200  1
    0.339203     2.394096  1
    1.141394     1.865573  1
    1.649187     1.569405  1
   -0.967073    -1.969485  1
   -1.187226    -0.945151  1
    1.419332     1.249284  1
    0.751899     0.342095  1
   -0.688443    -1.584208  1
   -0.413191    -1.105556  1
   -2.105060    -1.161846  1
    0.652856     1.777061  1
   -0.888421    -1.238131  1
    0.735109     0.035487  1
    0.996313     0.440672  1
   -0.305258    -0.428270  1
   -0.339531    -0.986476  1
   -0.576555    -0.993517  1
    0.762007     0.450298  1
    0.549373    -0.147612  1
   -1.139494    -0.150460  1
    2.307399     1.910347  1
   -1.895691    -0.997970  1
    0.848720     0.693627  1
    0.674768     0.870588  1
    0.804614     2.259288  1
    1.091516     2.004066  1
    0.806221     1.313136  1
   -0.745971     0.426654  1
    0.972303    -0.075167  1
    0.209129     0.401968  1
   -0.051707     0.859203  1
    1.764588     0.679456  1
   -1.176309    -1.199638  1
    0.715811     0.313278  1
   -1.489274    -1.205167  1
    1.689663     1.199249  1
    1.174148     0.557953  1
   -1.103032    -0.427164  1
   -0.850278    -0.881701  1
   -0.506369    -0.470227  1
    0.139785    -0.134126  1
   -0.510307    -0.119397  1
   -1.203722    -1.473377  1
    1.480315     0.692736  1
   -0.979331    -0.646080  1
   -0.120657     0.330034  1
    2.031214     1.027172  1
   -0.092721    -0.759009  2
   -0.613855    -0.662294  2
   -0.140646     0.203746  2
    0.946273     0.928696  2
    0.329071     1.647614  2
    0.689696     0.806811  2
    0.391568    -0.195412  2
   -0.258442    -1.271547  2
   -0.081527    -1.391798  2
    0.101403    -0.415877  2
   -1.306785     0.240952  2
   -0.446437     0.708873  2
   -0.357538     0.647673  2
   -0.222375     1.044029  2
    1.454664     1.811900  2
    0.822707    -0.091482  2
   -0.271185    -0.985141  2
    0.755805     0.165152  2
    1.489759     2.489795  2
   -0.878034    -1.597944  2
   -1.552405    -1.176490  2
    1.225637    -0.339593  2
    0.087809    -1.555703  2
   -0.049161    -0.119864  2
   -1.252378    -0.072165  2
   -1.042848    -0.923187  2
    1.700077     0.205270  2
   -0.450545     0.092523  2
    2.178578     0.742574  2
    0.866164    -0.240576  2
   -1.726029    -0.444706  2
   -0.033179     0.636372  2
   -0.941762    -1.246651  2
    0.139226     0.689224  2
    1.558533     0.834699  2
   -1.017371     0.183454  2
    0.387704    -2.076219  2
    1.056984     1.394391  2
   -0.489601    -0.500348  2
   -0.235872     1.137299  2
    1.353839     1.488333  2
   -0.363259     1.009089  2
   -0.415982     0.722323  2
   -0.794968    -1.704736  2
   -0.860063    -0.931857  2
   -0.704825    -0.384704  2
    1.411755    -0.255931  2
    1.520441    -0.216331  2
    0.041387     2.131651  2
   -0.089289    -0.047443  2
   -0.173082    -0.815847  2
   -1.190542    -1.645519  2
   -1.118849    -0.640699  2
    0.996674     1.142666  2
    0.150513    -0.393933  2
   -0.762279    -0.140957  2
    1.395005     1.510556  2
    1.629309    -0.468884  2
   -0.241043    -1.186013  2
    1.476159     0.101927  2
    1.472110     0.178829  2
   -1.154482    -1.870943  2
   -0.697612    -0.726996  2
   -0.356422    -0.033221  2
    1.518863    -0.846665  2
   -0.566416    -0.681425  2
   -0.167718    -0.230160  2
    2.744377    -0.009977  2
   -1.028331    -0.258173  2
   -0.886071    -0.461418  2
    0.513187     2.144402  2
    1.489578     0.139068  2
    2.179441     1.046616  2
    1.370263     0.960248  2
    1.112822    -0.834213  2
   -0.949174    -1.006621  2
   -0.680984     1.315341  2
    0.582361     1.362714  2
   -0.077602    -1.800054  2
   -0.843992     0.967040  2
    0.052484    -0.846435  2
    0.394024    -1.995072  2
   -0.099806     0.337501  2
    0.311351     0.037361  2
    1.651689    -0.228528  2
   -0.309454    -1.488677  2
   -1.206616     0.843317  2
    0.021789     0.661987  2
   -0.385151     2.327876  2
    0.876855    -0.083617  2
   -0.613532    -0.399498  2
    0.586914    -0.950103  2
    1.706330     0.576940  2
   -0.867559    -0.986690  2
   -0.672421    -0.912285  2
    1.098625     0.882310  2
   -0.068937     0.898857  2
    0.989752    -0.034806  2
    1.116102     1.514267  2
   -1.744260    -1.286136  2
    0.072651     1.190402  2
   -0.039450     0.702658  2
   -0.442545    -0.721079  2
    0.073289    -0.224234  2
   -0.644270    -2.745768  2
    0.133580     0.009418  2
    0.072968     0.490809  2
    1.537087     1.235136  2
   -0.405148     0.038642  2
    1.061482    -1.111684  2
   -1.839902     0.277394  2
   -1.358721    -0.251280  2
    1.705787     0.293596  2
   -1.384025     0.044791  2
    0.802948     1.159181  2
   -0.284784     0.003850  2
   -0.144985    -0.003140  2
   -0.798706    -1.211825  2
    2.327616     1.913546  2
    0.155153     0.963252  2
    0.167798     0.220024  2
   -2.253835    -1.665323  2
   -0.996093    -1.014676  2
    0.430657     0.312485  2
    0.315600    -0.977597  2
   -2.325751     0.242739  2
   -0.290024     1.944637  2
   -0.967314     0.268152  2
   -1.337635    -0.806364  2
   -0.124912    -0.187579  2
    0.602134     1.398169  2
   -1.422942    -0.697864  2
    0.679627    -1.440970  2
   -1.156204    -0.672367  2
    1.359010    -0.869922  2
   -1.391524     0.444800  2
    0.290598    -0.280140  2
    0.380014    -0.737992  2
    1.129999    -0.880359  2
    0.071537    -1.453097  2
    0.143321     0.385317  2
    0.195842    -0.244704  2
    0.524577    -1.378019  2
    0.533569     0.815481  2
    0.707785     1.061709  2
   -1.559072    -1.936859  2
    0.012039    -0.405726  2
    0.078070     1.500201  2
    0.225338    -0.681281  2
   -1.489873    -0.110519  2
   -1.381443    -0.705722  2
   -0.086120     0.404532  2
   -0.541437    -0.207685  2
    0.827615     0.456162  2
   -0.151395     0.335053  2
   -0.861158     0.135673  2
   -0.399646     0.147796  2
   -0.596055     0.290866  2
   -0.092163    -1.562811  2
    0.808823     2.047641  2
   -1.100325    -1.895301  2
    2.125507     0.747741  2
   -1.552707    -0.240211  2
   -0.578065     0.587522  2
   -0.736990    -1.709961  2
    0.165106    -0.318199  2
    2.221354     1.155534  2
    1.283236     1.923616  2
    0.637019     0.177509  2
   -0.307878     0.271578  2
    0.329911    -0.288649  2
   -0.044929    -0.688839  2
    0.168151    -0.333035  2
    1.147094     0.396303  2
   -1.131340    -0.984275  2
    0.156086     2.654901  2
   -1.605363     0.666433  2
    0.535474     0.014541  2
   -1.547146    -0.193849  2
   -0.164641     0.809035  2
    0.587652    -0.060782  2
   -0.405436    -0.446698  2
    0.368874     0.288669  2
    0.896865     0.267350  2
   -0.369671    -0.681693  2
   -1.978157    -0.246003  2
   -0.932576    -1.018588  2
    0.531116     0.598201  2
    0.892543     1.787520  2
    0.151586    -0.074533  2
   -0.782529    -1.860074  2
   -0.242136     0.429459  2
   -0.941092     0.672131  2
   -0.681036     1.012012  2
   -0.862974     1.437565  2
   -1.670725    -1.671432  2
   -0.493171    -0.677873  2
   -1.499758    -1.667998  2
   -2.057802    -0.625204  2
   -0.730998    -0.636595  2
   -0.154916     1.792051  2
    0.941178    -1.001631  2
    0.446671    -0.463204  2
   -0.444943     1.020731  2
    0.087600     0.307757  2
   -0.531452     0.244275  2
   -0.333016    -0.665392  2
    0.964083     0.132458  2
   -0.238915     0.037299  2
    0.129224     0.294170  2
   -0.085285     0.207961  2
   -1.908155    -0.636043  2
   -1.038833    -0.922449  2
    3.025463     1.979704  2
   -1.511960    -1.329416  2
   -1.043935    -0.124753  2
    0.201014    -0.008593  2
   -0.578938    -0.317584  2
    0.016223     1.010614  2
   -1.181595    -0.933652  2
    0.999134     1.010112  2
    0.111912     0.109603  2
    0.110455     1.333492  2
   -0.709841     2.030692  2
    0.060840    -1.032533  2
   -0.705293     1.125650  2
   -0.439267     0.270531  2
   -0.551057    -0.077596  2
    0.975176     2.167184  2
   -2.675749    -1.068458  2
   -0.295767    -0.553586  2
   -0.397793    -0.774654  2
    0.821156     0.180173  2
   -0.237343     0.607387  2
   -1.189922    -0.705688  2
    0.156339     0.442100  2
    0.001743    -0.988209  2
   -1.133177    -1.361927  2
    0.058009     0.159393  2
   -1.020242     0.589761  2
    1.099663    -0.544185  2
   -0.594316     1.025319  2
    0.416204    -0.607784  2
   -1.482082    -1.513456  2
    0.078362    -0.808320  2
   -0.237933    -1.161984  2
    0.208439    -1.005630  2
    1.520134     1.242944  2
   -1.652440    -1.422719  2
    0.903770    -1.372792  2
   -2.309059    -0.608348  2
    0.460952     0.397272  2
    0.118158    -0.052998  2
   -0.023975    -0.724493  2
   -0.279215    -0.164793  2
   -0.478947    -0.209617  2
   -1.068446    -0.321323  2
   -0.899906    -1.605922  2
    0.161395    -1.221476  2
   -1.097063     0.203540  2
   -0.742582    -0.980364  2
    1.797207     0.897869  2
    0.129471    -0.742220  2
   -1.658692    -0.600004  2
   -0.431717     0.509289  2
    1.910792    -0.876414  2
   -0.513854     0.212286  2
   -0.669483     0.282423  2
   -0.286428    -0.323770  2
   -0.106872     1.186105  2
    1.741978     1.878356  2
   -1.315456    -1.117616  2
   -0.143025    -0.461974  2
    0.467155    -0.198425  2
   -0.821603     0.060393  2
    0.731927     0.205238  2
   -1.194786     0.638933  2
   -0.830549     0.888653  2
   -0.788182     0.425561  2
    1.410583     0.894498  2
    0.328687     0.054055  2
    0.532738     1.238198  2
   -0.349655    -0.835167  2
   -0.361360    -0.710924  2
   -0.743558     0.229050  2
    0.880697     2.040365  2
   -0.357257     0.865015  2
    0.319357    -0.342264  2
   -1.021565    -2.483193  2
    1.303385     0.996738  2
   -1.936296    -0.970609  2
    1.202437     0.386890  2
    1.323333     1.039412  2
    0.655898    -0.554202  2
    1.554187     0.738411  2
    0.849992     2.522387  2
    1.260335    -0.018630  2
    0.448573    -0.520554  2
   -1.066710     0.963593  2
    1.779113    -0.816531  2
    1.521380     1.508297  2
   -0.125011     0.811107  2
    0.927735     0.847772  2
    1.000905     2.368538  2
   -0.527038    -0.260037  2
    0.790133     0.468414  2
   -0.759586    -0.954789  2
   -0.040560    -0.321679  2
   -1.612317     0.863334  2
   -0.132569    -0.302391  2
   -2.060403    -1.559855  2
   -0.412780    -0.464843  2
   -0.894242    -0.200661  2
    0.822703     2.427885  2
    0.872066     0.385344  2
    1.908495     0.842056  2
   -1.611525    -0.790674  2
    1.025204     0.334544  2
    0.546945    -0.662840  2
   -0.458902     2.044401  2
    0.160848    -0.688711  2
    0.026705    -0.395005  2
   -0.415527    -0.991553  2
    1.622953     1.221766  2
    2.393171     0.241879  2
   -0.720974     0.251524  2
    0.579784     0.468878  2
    0.236916    -0.362049  2
   -0.702483    -0.195337  2
   -0.260942    -2.552653  2
   -0.311206    -0.392375  2
   -0.494325     0.253218  2
    0.041087     0.632102  2
   -0.982422     0.518539  2
   -1.257151    -1.212400  2
   -1.346311    -0.752164  2
    1.161391    -0.717197  2
   -1.472500     0.647198  2
    0.204256    -0.743458  2
   -1.484724     0.346976  2
    0.425941    -0.630695  2
    0.899332     1.236995  2
    0.315979     0.363983  2
    1.091420     0.063336  2
   -1.650355    -0.030721  2
   -0.435002    -0.425261  2
    1.134117     0.397856  2
   -1.175048     0.285555  2
   -0.607115    -0.103640  2
    2.322840     2.645745  2
    0.017464     0.079382  2
    0.583412     1.539008  2
    0.252104    -0.197992  2
   -1.303432    -0.480705  2
    1.656113    -0.126870  2
   -1.594931     1.614668  2
   -0.058628    -0.903610  2
   -0.050100    -0.830154  2
    0.742778     0.200734  2
   -0.124003    -0.041804  2
    2.082559    -0.679793  2
    0.119855    -0.168954  2
    0.213958    -1.029916  2
    0.130914     1.157389  2
    0.578979     0.911977  2
   -0.434883    -1.225057  2
   -1.939770    -2.445596  2
    0.776303     0.256757  2
   -0.217575    -0.431685  2
   -1.307306    -0.142038  2
    1.176699    -0.337871  2
    0.457180    -1.041189  2
   -0.084813     0.643010  2
    0.574140     1.511377  2
    1.244783     1.293276  2
    1.534171     2.015390  2
   -1.619998    -0.246514  2
   -1.035667    -1.475494  2
    0.410701    -0.106615  2
    2.256122     1.733956  2
    2.201153     1.699338  2
    1.243303    -2.423265  2
    0.054782     1.532112  2
   -1.999925    -1.575737  2
   -1.276914    -1.785327  2
   -1.005047     1.277416  2
    0.515805    -1.644697  2
   -1.009521    -2.153523  2
   -0.465457    -0.714406  2
   -0.053344     0.065911  2
   -1.443288    -0.666225  2
   -0.152299     0.125821  2
   -0.835562     0.387231  2
   -0.147195     0.226231  2
    1.489966     0.303508  2
    0.517516     0.445055  2
    0.479918     0.628931  2
   -0.833994    -0.107470  2
   -1.627354    -1.270141  2
    0.048283     0.642507  2
    0.345696    -0.457597  2
   -0.687985    -0.406384  2
    0.043689     0.044821  2
    1.033617     0.487096  2
    0.893933    -0.107256  2
   -1.232286    -1.036155  2
   -0.275106    -1.033507  2
    0.610453    -0.581195  2
    0.361575     0.444535  2
    2.500012     2.398827  2
    1.295866     1.316086  2
   -0.247477    -0.179354  2
    0.208389    -1.464742  2
   -1.315245     1.008021  2
   -0.009862     2.116071  2
    0.434172    -1.570070  2
    0.800352     0.833866  2
    0.347754     0.061878  2
    0.568725     0.331623  2
   -0.510782    -2.289649  2
   -1.997642    -0.034063  2
    0.035278    -0.233290  2
   -0.253024    -1.498134  2
   -0.353392    -0.771783  2
   -2.203539    -1.474010  2
    0.855185     0.716880  2
   -1.578492    -0.435030  2
   -0.363272    -0.533207  2
    2.408465     1.861922  2
    0.922476     1.486549  2
   -0.705473     0.362672  2
   -0.315219    -0.695724  2
    1.360664     1.011398  2
    1.411171    -0.808788  2
    0.348313    -1.142328  2
   -0.275599    -1.327423  2
   -0.027341    -0.973525  2
   -2.179190    -0.903065  2
    0.743524    -0.789838  2
    0.757333    -0.288798  2
   -0.577077    -0.555564  2
   -0.824648     0.365715  2
    1.622833     1.226824  2
   -0.937980     0.008014  2
    0.408158    -0.289111  2
    0.667050    -0.252159  2
   -0.233392    -0.447153  2
   -0.323855     0.258053  2
    0.860117    -1.201479  2
   -1.297447    -1.012344  2
    0.689529     0.559460  2
   -2.094045    -0.512942  2
   -0.583293    -0.432311  2
   -0.055315    -0.104041  2
   -1.203629     0.904198  2
    1.778668     1.002090  2
   -0.979957    -1.529366  2
    0.415753    -0.084370  2
   -0.056139     0.424796  2
    0.314496     0.543747  2
   -2.518658    -2.288669  2
    0.946832     0.871140  2
    0.391334     1.464261  2
   -0.257019    -0.281712  2
    0.050610    -0.319160  2
   -1.643404    -0.484817  2
    0.276730    -0.803857  2
    1.016158    -0.191266  2
   -1.730656    -0.101485  2
    0.869484     1.342053  2
    0.711324    -0.117348  2
    1.110219     0.699369  2
    1.318259     1.186443  2
   -0.237698    -0.076044  2
   -0.218134    -0.012796  2
    0.169825    -0.276155  2
    0.934932     0.707660  2
   -0.444667     0.447086  2
    1.551872     0.359871  2
   -0.640424     0.110258  2
   -0.124727    -0.495711  2
    0.190831    -0.197194  2
   -0.037755    -0.176331  2
    0.895703     0.560870  2
    2.681657     1.824562  2
    0.240251     0.738211  2
    0.536158    -0.523932  2
   -0.614840    -1.133918  2
    0.086439     1.359199  2
   -0.536695    -0.276320  2
    0.627751     1.245334  2
    0.613979     0.490533  2
    0.288611     1.270829  2
   -0.023002    -1.490257  2
   -0.438214    -1.814674  2
    0.304110     0.471603  2
    0.875888     1.407796  2
   -1.100486    -0.853845  2
   -1.663970     0.394919  2
   -1.372571    -1.720514  2
   -1.889949    -2.052464  2
   -0.485108    -0.276351  2
    0.477278     1.563541  2
    1.430350    -1.617517  2
    0.686882    -0.584673  2
   -0.856541     0.873411  2
   -1.288495     0.056355  2
    1.177737     1.456512  2
   -1.110309     0.778407  2
   -0.970336    -1.152631  2
   -1.806817    -1.306694  2
   -1.196499    -0.566770  2
    0.416046     0.649354  2
   -0.394192     0.014131  2
   -0.063826    -1.075100  2
   -1.484863    -0.996065  2
    0.158592    -0.235158  2
   -0.592006    -1.037346  2
   -0.169928     2.531491  2
   -0.913815    -0.714031  2
    0.817564    -0.868081  2
    0.825552     0.387382  2
    0.904514     1.086216  2
   -0.269145     0.635718  2
    1.898358     0.506261  2
   -1.436229    -1.185140  2
    1.512601     2.765374  2
    0.369484     1.495139  2
    0.637214     0.229247  2
    0.288816     0.204094  2
    2.119101     1.511697  2
   -0.497978    -1.092530  2
    0.538344    -1.628116  2
    0.332119     0.218636  2
   -0.380881    -0.750386  2
    0.202334    -0.184288  2
   -2.231213    -1.256476  2
    0.330574     0.096804  2
    2.158822     0.844750  2
    0.015355    -0.978075  2
    0.742657     0.001511  2
   -1.634820    -0.661582  2
   -1.079084     0.594618  2
   -0.821597    -1.391560  2
   -0.485159    -0.635028  2
    0.011460    -0.806615  2
   -0.221314    -1.000966  2
    0.322057    -1.409442  2
   -1.096013    -0.215672  2
   -0.879468     0.489412  2
   -0.642436     0.549410  2
    1.158975     1.461541  2
    0.353919     0.286266  2
    0.266848     0.813609  2
    1.593119     0.826916  2
    0.850861     0.940730  2
   -1.819472    -0.329153  2
    0.934541     0.838704  2
   -0.696129     0.151922  2
   -2.065230    -0.142192  2
    1.933488     0.480661  2
   -0.072765    -0.040047  2
    0.322301    -1.274613  2
    0.586215     1.086638  2
   -0.855006    -2.061502  2
   -0.766829     0.884096  2
   -0.289802    -0.201388  2
    0.700165     1.197405  2
    0.652783     1.190810  2
    0.478086    -0.432824  2
   -0.831971    -0.746081  2
   -1.731818    -0.402003  2
   -0.096723    -1.328304  2
    0.592002    -0.777184  2
   -0.744770     0.290167  2
   -0.282500     0.939077  2
    0.416357     0.245211  2
   -0.233322     0.015207  2
    1.840556    -0.010587  2
    1.497569     1.336757  2
   -1.089062    -0.815269  2
   -0.632718    -1.265347  2
    0.401173     0.304466  2
    0.699947     1.048505  2
    0.601338     1.608979  2
    0.085504     0.975232  2
    0.256563    -0.837817  2
    0.385452    -0.574286  2
   -0.345791     1.354423  2
    0.536297    -0.833943  2
   -1.843326    -1.456895  2
   -0.795335    -0.089878  2
    1.812990     0.350715  2
    1.495185     2.805602  2
   -0.096076    -1.565158  2
    0.300958     1.492486  2
   -1.118142    -1.130984  2
    0.143781    -1.317919  2
    2.183888    -0.269560  2
    0.038674     0.935477  2
   -0.175035    -0.882900  2
   -2.234825    -0.482608  2
   -2.064608     0.189777  2
    1.346972    -0.000341  2
   -1.884867    -0.719438  2
    0.030624    -0.754247  2
   -0.110525    -0.954057  2
   -1.279459    -0.571083  2
   -0.114426    -0.440954  2
    1.290154    -0.037896  2
    0.170325    -1.076904  2
   -1.288498    -2.488880  2
    0.025598     0.646728  2
   -0.925306    -1.634666  2
   -0.831512    -2.003888  2
   -0.591525    -1.243374  2
   -0.407124    -0.211017  2
    3.447186     0.967717  2
   -1.076703    -0.071889  2
    0.376769    -1.047592  2
   -1.451550    -0.733339  2
   -1.516650     0.134018  2
    0.511213    -0.675821  2
   -0.566899    -0.085926  2
   -1.325902     1.346242  2
    0.174987    -0.747283  2
    1.337230     0.010532  2
    0.793568    -0.856010  2
   -0.446176     0.644747  2
   -1.606755     0.005166  2
    1.262026     0.133710  2
    1.048131     0.888003  2
    0.182180    -0.354215  2
   -0.681930     0.661756  2
   -0.102856    -0.868490  2
    1.269001     1.749325  2
   -0.585281     0.846272  2
    0.359851    -1.933350  2
   -0.122663     1.422964  2
    0.752734     0.753183  2
    0.265722     0.228291  2
   -0.187143     1.176192  2
    1.383011     0.842492  2
    0.975453    -0.073729  2
    0.460501    -0.822673  2
    0.590925     0.230760  2
    1.670709     1.095842  2
    0.148637     0.282469  2
   -1.231296     0.878536  2
   -0.168125    -0.680326  2
    0.231246    -0.103305  2
   -0.327437     0.428170  2
    1.436473    -0.278016  2
    1.243713     2.353914  2
   -0.111608    -1.315585  2
    0.451350    -1.473643  2
   -1.315741    -1.621702  2
   -0.744602     0.174760  2
    1.032480    -0.795083  2
   -1.282503    -0.429896  2
   -1.080634    -2.278798  2
   -0.577819     0.837430  2
    0.983110    -0.502784  2
   -1.388831     1.228788  2
   -0.124701    -1.028482  2
    2.797199     0.566287  2
    0.966898     1.419926  2
   -1.431995    -1.040482  2
    0.035659    -1.001571  2
   -0.507910    -0.707965  2
    0.199571     1.588246  2
    1.463191     0.598717  2
    1.344174     0.145302  2
   -1.820004    -0.348902  2
   -0.265759    -0.599189  2
   -1.431056    -0.898329  2
   -0.277748     0.715386  2
   -0.000850    -0.128639  2
   -1.007970    -2.149310  2
    1.522221     1.494081  2
    0.095432    -0.079387  2
    1.533788     0.453585  2
   -0.986470    -1.122936  2
   -1.930466    -0.359641  2
    1.011332     2.313766  2
   -0.437584    -1.801059  2
   -0.810103    -0.884675  2
   -0.955583    -0.678789  2
    0.332266     1.090070  2
   -0.612080     0.557892  2
    0.025754     0.533148  2
   -0.519680    -1.038919  2
   -0.417976     0.788415  2
   -0.287219    -0.444924  2
   -0.437561     0.480894  2
    0.199631     0.912225  2
    0.629171     1.040166  2
   -0.931504     1.663131  2
   -0.971198    -0.845330  2
    0.162373     0.710111  2
   -0.752715     0.929687  2
    1.702107     0.181102  2
    0.385757     1.131178  2
    0.901945     1.282833  2
    0.430161    -0.033687  2
   -1.375907     0.476603  2
    0.451351    -0.693530  2
    2.288947     2.254107  2
   -0.597376     0.918744  2
   -0.514950    -2.648971  2
   -0.712857    -0.970777  2
    0.403617     0.829255  2
    0.426354    -0.993857  2
   -0.906085    -0.701172  2
    0.519687    -0.777928  2
   -0.048466     0.085595  2
    1.072963    -0.297214  2
    1.309326     1.363693  2
    0.682936    -0.080925  2
   -0.750174    -1.103607  2
    0.084929    -0.837550  2
    1.326221    -0.278365  2
   -0.493416    -0.960633  2
    0.351290     1.040723  2
    0.485478     0.525434  2
    0.255961    -0.085025  2
    0.572025     0.752664  2
   -1.705501     0.424982  2
   -0.681364     1.109025  2
    1.331158     0.593541  2
    0.373129    -0.107505  2
   -0.506437    -0.209023  2
    0.272162     1.270964  2
    1.790637     0.968629  2
   -1.066255    -0.375055  2
   -0.348394     0.657880  2
   -0.310433     0.529908  2
   -0.506006    -0.892376  2
    0.154356     1.353817  2
   -0.235715     0.807037  2
   -1.123922    -0.417319  2
   -1.675192    -2.264455  2
   -0.220956    -0.491340  2
   -2.048820    -0.091188  2
    0.429041     0.787442  2
   -0.423083    -0.704804  2
    1.098187     0.746835  2
    1.078305    -0.050294  2
    0.038706    -0.222707  2
    1.627051     0.362796  2
   -0.423217    -0.278456  2
    0.585055     0.771831  2
    0.217590    -0.556721  2
    0.678967     0.092071  2
   -0.661006    -1.340861  2
    0.348195     0.771021  2
    1.399699     0.033012  2
   -0.722967     0.288103  2
    1.867777     2.292144  2
   -1.235127     0.739263  2
   -0.373552    -0.443337  2
    1.032597    -1.037967  2
   -0.654254    -0.149878  2
   -0.327768    -0.888526  2
    0.419676     0.425372  2
    0.465859     0.058120  2
   -0.630152     0.714906  2
   -0.560951    -0.312346  2
    0.076905    -1.359583  2
   -1.663397     0.734730  2
   -1.385016    -0.127565  2
   -0.631638     0.876427  2
   -0.365245    -2.209280  2
    0.153748     0.304259  2
    0.688585     0.713603  2
   -0.629985    -0.477053  2
    0.852537     0.310774  2
    0.154473     0.578692  2
   -0.404684    -2.523700  2
    0.057362    -0.308181  2
   -0.685684    -0.133101  2
    0.794911    -0.773088  2
    0.064704     0.576684  2
    0.594349     0.368390  2
   -0.381122     1.551178  2
   -0.498115    -0.601621  2
    0.379972     0.797105  2
    0.706595    -0.527173  2
   -0.052035     0.090515  2
    0.947826     1.798906  2
    1.104118    -0.994194  2
    0.315465    -1.331814  2
   -1.033108    -0.033995  2
    0.345206     0.202330  2
    0.692533     1.191142  2
   -0.300351     0.549283  2
    0.219193     1.684635  2
    0.278836    -0.971391  2
    0.583321    -1.523297  2
   -0.505340    -0.824619  2
    0.698492     1.967122  2
   -2.576284    -1.159483  2
   -0.138255     1.317755  2
    0.923763    -0.314798  2
    0.346423    -2.466600  2
   -1.498128    -0.925744  2
   -0.180493     0.098125  2
    0.399276     1.897728  2
   -0.039358     0.381863  2
    0.058458    -0.021767  2
    0.578052     1.408493  2
    0.477022    -0.431335  2
    0.032207    -1.121918  2
    0.372413    -0.663018  2
   -1.068609     0.947897  2
    0.184826     0.220358  2
    1.112157     0.156754  2
   -0.213529     0.390651  2
    0.281313    -0.789334  2
   -0.062737     1.373562  2
   -0.801746    -1.344733  2
    1.219722     1.135199  2
    0.909005     1.154706  2
   -1.209072    -0.027872  2
    0.385104    -0.249814  2
   -1.608408    -0.113816  2
    1.390114     1.426772  2
   -0.396658    -0.419718  2
    0.332938    -0.639566  2
   -1.998504    -0.829374  2
    0.455989     0.316484  2
   -0.045473    -0.021865  2
    0.404067    -0.340055  2
    0.566799    -2.331079  2
   -0.244730     1.035476  2
   -0.134374     0.404672  2
   -0.028404     0.792053  2
    1.430273     1.680030  2
    1.150637     1.516828  2
   -0.052374    -0.072829  2
   -0.358254    -1.883773  2
    1.254354     1.683264  2
    0.311211    -1.407298  2
   -2.049494    -1.319231  2
    1.651653     2.506856  2
    0.061140    -0.379406  2
   -0.274555     0.462089  2
    1.966789    -0.159236  2
   -0.523052     0.121299  2
    0.968454    -0.034592  2
   -1.589131    -1.220309  2
   -0.725417    -0.103901  2
    0.651969     0.146428  2
    1.007524     1.689138  2
    0.424271     0.091367  2
   -1.393697    -0.727005  2
   -0.243447     0.199731  2
   -0.576242     0.862352  2
   -0.076180    -0.703720  2
    0.087081     1.815773  2
    0.619118     0.042349  2
    1.472025     0.500927  2
   -1.985972    -0.868743  2
   -0.733175    -1.846160  2
   -0.212481    -0.569401  2
    0.113746     0.834598  2
   -0.463840    -0.608685  2
    0.681409     1.872208  2
    1.058623    -1.177328  2
    0.209045    -0.592612  2
    0.405730    -0.913963  2
   -1.784532    -1.408630  2
    0.733828     0.606370  2
    1.945133     0.721207  2
    0.005756     0.511527  2
   -1.602124     0.069397  2
    0.269456     0.413977  2
   -0.561864    -1.611651  2
   -0.692277    -0.969616  2
   -0.824868    -0.429737  2
    0.910566     1.641824  2
   -0.251057    -0.469240  2
    1.110609     0.926428  2
   -0.292031    -0.409852  2
   -0.161952     0.641676  2
   -1.171636    -0.704944  2
    1.052781     1.484733  2
    0.405140     0.920767  2
   -2.331219    -0.756755  2
   -0.081370     0.902976  2
   -0.551075    -0.046422  2
   -0.050158    -0.158224  2
    1.492953     0.419643  2
   -0.727452    -0.551637  2
    1.414851    -0.200992  2
   -2.030792    -0.269629  2
   -1.916108    -2.352855  2
    0.824413     1.615787  2
    1.294776     0.909999  2
   -1.495701    -0.213030  2
    0.904669     0.115927  2
   -1.512120    -0.752631  2
    1.410238     1.001315  2
    0.170344     0.137912  2
   -0.436847    -0.007872  2
   -0.619772     1.672390  2
    0.646205    -0.174472  2
    1.018670     0.845109  2
   -1.535788    -0.487575  2
   -1.244400     1.004062  2
    0.143282    -0.181318  2
   -0.109403    -1.837877  2
   -0.613459     0.658820  2
    0.653272    -0.599550  2
   -0.859076     0.032783  2
    1.161236     1.948282  2
   -0.290384     0.052142  2
    1.385147    -0.115578  2
    0.429391     0.641791  2
    0.666917     0.659230  2
    0.663790     2.857147  2
    0.372419     2.289784  2
   -0.434227    -0.558592  2
    0.493579     0.536044  2
   -0.066682    -0.861820  2
   -0.545326     0.605645  2
   -1.280932     0.228160  2
    1.048810     0.550159  2
   -0.227927     2.870598  2
   -1.168741    -2.119305  2
   -0.769591     0.746388  2
   -0.183376     0.386646  2
   -0.484504     0.904071  2
    0.094430    -1.138281  2
   -0.513165    -2.117635  2
   -1.873424    -0.574134  2
    0.845737     0.193632  2
    0.164878     0.605010  2
    0.949383     0.161904  2
   -0.164654     0.797939  2
    1.072151     2.441425  2
    0.785537     2.051748  2
    0.720867    -0.688812  2
    1.314074     0.602920  2
    0.144627     0.509336  2
    0.302828     0.386335  2
   -0.360233    -0.193320  2
   -0.892376    -1.216373  2
   -0.204929     0.533765  2
   -0.887902    -0.260650  2
    0.578145     0.284263  2
    0.052739    -0.023834  2
   -0.144633     0.284702  2
    0.318990     0.745172  2
    1.150375     0.498344  2
   -0.531819    -1.023386  2
   -0.193523    -1.664764  2
   -0.914450    -0.864426  2
   -0.084138     0.366866  2
    0.151884     0.460021  2
   -2.164507    -2.219116  2
    1.066506     1.921978  2
    0.803033     0.654169  2
   -2.369151     0.092384  2
    0.500948     2.969380  2
   -0.242675     0.598760  2
   -0.399533    -0.043695  2
   -0.072976    -0.445577  2
    0.175136     0.638109  2
   -1.456578    -1.612520  2
   -1.399305    -0.670551  2
    1.430037     2.051971  2
    1.193187     0.618102  2
   -0.266059     0.061679  2
   -0.726157     0.012728  2
   -0.739519    -0.920368  2
    0.026651    -1.602019  2
   -0.184559    -2.062280  2
    0.082081     0.562334  2
    1.488124     0.257959  2
    0.330331     1.019774  2
    0.306235    -0.349702  2
    0.002533     0.263806  2
    0.500789    -1.137179  2
    0.611284     0.707932  2
    2.276676     1.740901  2
   -0.567130    -0.842015  2
    0.430200     0.612051  2
    0.189786    -0.275922  2
   -2.571436    -2.753614  2
   -1.176705     0.432814  2
    0.431865    -0.041102  2
   -0.333769    -0.042437  2
    0.617790     0.244084  2
   -0.908962     0.573475  2
   -0.065346     0.551593  2
   -1.476150    -0.141188  2
   -0.032661     0.371040  2
   -0.416851    -0.332029  2
   -0.265544    -0.435099  2
