   -0.378137    -0.071253  1
   -0.642262    -1.070306  1
   -2.606761    -0.269070  1
    0.369423     0.659048  1
    1.840277     2.633001  1
   -0.547830    -0.474051  1
    1.118025     1.761435  1
    1.497752     1.532178  1
    1.614490     0.638891  1
   -0.324017     0.385258  1
    0.092867    -0.452220  1
   -0.813384    -0.749226  1
    0.194822    -0.403531  1
   -1.638043    -1.408865  1
   -2.170514    -1.865630  1
   -0.631615    -1.029876  1
    0.659012     0.099176  1
    1.680715     1.202796  1
    1.491893     0.340699  1
   -0.987154    -0.078296  1
    0.160026     2.041375  1
   -1.966773    -1.248833  1
    1.334480     0.532121  1
    0.421170    -0.408866  1
   -0.441761    -0.503741  1
    1.670470     0.776897  1
    1.132442     1.299304  1
    0.001154    -0.155089  1
   -0.889636    -0.457610  1
   -0.491583    -0.438297  1
    1.138741     0.799763  1
   -0.498683    -0.228220  1
    1.585843     1.958278  1
   -1.424818     1.184156  1
    1.680757     0.188399  1
   -0.054515     0.626774  1
    1.152171    -0.247905  1
   -0.465826    -0.327448  1
    0.725706     0.003627  1
   -0.195963    -0.606960  1
    0.229133     0.170824  1
   -1.627690    -1.563821  1
   -0.800556    -0.701092  1
    0.002529     1.631219  1
   -0.748374    -1.727937  1
    0.171014     0.296565  1
   -0.618540    -0.296049  1
   -1.536057    -1.336128  1
   -1.165120    -0.997977  1
    2.001039     1.524519  1
    0.479260     0.359002  1
    1.288308     0.527250  1
    1.361143     1.798967  1
   -1.727122    -1.229810  1
    0.948718     0.751941  1
   -0.609607    -0.974755  1
   -0.982294    -0.147928  1
    0.003593    -0.079739  1
    1.592988     1.528149  1
    0.866506     2.259784  1
   -2.304081    -0.926909  1
    1.430499     0.571100  1
    0.329635     0.653205  1
   -1.016032    -0.714199  1
   -0.362292    -1.034658  1
   -0.619106     0.205149  1
    1.411783     2.179974  1
   -0.589007    -0.435187  1
    0.884688     1.000068  1
    0.100804    -0.026808  1
   -1.640384    -0.991959  1
   -1.367549    -1.137578  1
    1.636943     1.225098  1
   -0.672346    -0.525295  1
   -0.113815     0.981611  1
   -0.218937    -0.252378  1
    0.670706    -0.169883  1
    2.034624     1.589598  1
   -1.611593    -0.457881  1
   -0.518462    -1.110622  1
   -0.402287     0.347606  1
    0.879467     1.250702  1
   -1.281570    -2.075258  1
    0.657354     0.248795  1
    0.430776     0.122365  1
    0.676387     1.050076  1
   -0.189718     0.627871  1
   -2.798568    -1.272684  1
    0.506850    -0.453377  1
    0.915665    -0.139820  1
    1.747475     1.604370  1
    0.304618    -0.243248  1
    0.513196     0.311589  1
    1.241018     0.013622  1
   -0.600772    -0.004961  1
    1.410780     1.077610  1
    0.906345     0.394409  1
   -0.255317    -0.317877  1
   -1.980075    -2.947912  1
   -1.490989     0.581589  1
   -1.536762    -1.572324  1
   -1.284006    -2.514204  1
    0.785583     0.936570  1
   -0.931402    -1.880778  1
    2.170400     1.717938  1
    0.516498     0.450025  1
   -1.351337    -1.489611  1
    0.339822     0.686895  1
    1.060095     1.324039  1
   -0.682550    -1.649306  1
   -0.640817    -0.336696  1
    0.020574     0.754732  1
   -0.659480    -0.782290  1
    1.742554     2.376523  1
   -0.520763    -0.886966  1
   -1.381609    -1.176143  1
    0.767034     1.211621  1
   -0.219912     1.023171  1
    0.183248    -0.755399  1
   -0.086045     0.154855  1
   -0.549370    -0.419109  1
    1.096098     0.978648  1
   -0.339171    -0.456571  1
    0.221677     0.550412  1
    0.955693     0.928573  1
    0.731887     0.173371  1
    0.268108     0.224753  1
    1.198587     1.285673  1
    1.817448     1.478700  1
    0.475321     0.525404  1
    0.803575     0.503999  1
   -1.293566     0.037229  1
   -0.505703    -0.465877  1
    3.057470     1.821060  1
   -0.754039    -1.055152  1
    0.307231     0.916631  1
    0.433978     0.588686  1
    1.790181     1.783554  1
   -0.747776    -0.212237  1
   -1.093371    -1.221239  1
   -0.205993    -0.916226  1
    1.411063     0.852279  1
   -1.393719    -0.254570  1
   -1.204691    -1.577166  1
    0.180489    -0.371508  1
   -1.273245    -0.938283  1
   -0.511570    -0.709817  1
   -2.480959    -2.393132  1
    1.309477     0.341656  1
   -0.486876    -0.056173  1
    1.079749     1.691034  1
   -0.328294    -0.583164  1
    1.234631     0.786249  1
    1.490341     1.661233  1
    1.300946     0.082672  1
    0.540446     0.469627  1
    0.366132     1.008084  1
    0.805209     0.268050  1
   -1.107398    -0.404532  1
   -0.619630     0.622177  1
   -1.891390     0.216143  1
    1.040424     0.152984  1
    0.487754    -0.157025  1
   -0.276015     1.287493  1
   -0.020662     0.465459  1
   -0.537641    -1.523159  1
   -0.277392    -0.144326  1
   -0.758738    -0.225868  1
    1.086637     1.578474  1
    0.823579     0.022543  1
   -0.212909    -0.452539  1
    1.587015     1.346210  1
    1.094658     1.753407  1
   -1.157405     0.357547  1
   -1.069333    -1.378137  1
    0.046797    -0.023442  1
    0.416606     1.533169  1
    0.838095     1.056153  1
   -0.428690     0.138340  1
    1.550339    -0.117154  1
   -1.421241    -1.020103  1
   -1.623503    -0.808908  1
    1.235701    -0.000942  1
    0.779069     1.127561  1
   -1.704768    -0.521114  1
   -0.150202    -0.145121  1
   -1.519160    -0.544599  1
   -0.357514    -0.987980  1
    0.185027     0.513554  1
   -1.915834    -2.745536  1
    1.253502     2.027619  1
    0.022385    -0.454799  1
   -0.800097     0.306440  1
   -1.488994    -1.090719  1
   -0.255081     0.429776  1
   -1.008454    -1.473182  1
   -0.247316    -1.346348  1
   -0.871499     0.380257  1
    0.197887    -1.274705  1
    0.548942     0.431452  1
   -0.204798     0.815752  1
   -0.302102    -0.077801  1
   -1.503835    -1.825175  1
   -0.769741    -1.694095  1
    0.523705     0.579170  1
    0.215333     0.629043  1
   -0.827532    -0.551362  1
    0.537465     0.564687  1
    0.332261     0.128287  1
   -0.541227     0.042920  1
   -1.828327    -1.954944  1
   -0.916580    -0.125641  1
   -0.209076    -0.124767  1
   -0.224127     1.052440  1
    0.009547    -0.837002  1
   -0.382372     0.416979  1
   -0.811015    -1.501693  1
   -0.402319     0.378894  1
   -0.239729    -1.233346  1
   -0.396438    -0.875382  1
   -0.744707    -0.012708  1
   -0.184694    -0.579350  1
    1.602637     2.396127  1
    0.628404    -0.078151  1
   -0.821179    -1.388967  1
   -0.315156     0.333159  1
    1.593157     2.560462  1
    2.605693     1.767507  1
    1.705024     0.322762  1
   -1.067198    -2.009574  1
   -1.797239    -0.664656  1
   -1.270599    -0.370533  1
   -1.519658    -0.850414  1
    0.678125     1.328692  1
   -0.396022    -0.189859  1
   -1.200424    -1.495404  1
   -0.705956    -0.081232  1
    1.342181     1.288889  1
   -1.302725    -0.719218  1
   -0.492730    -1.306769  1
    1.531213     0.723174  1
    1.340950     0.557991  1
    0.403588     0.172140  1
    0.844709     1.288583  1
   -2.596535    -1.767358  1
    0.354550     0.871446  1
   -0.115264    -1.173080  1
    2.172074     1.285589  1
    1.041222     1.720488  1
   -0.805442    -0.396059  1
    0.310991    -0.014497  1
    1.973640     1.263670  1
   -1.468981    -1.923734  1
   -0.198862     1.077856  1
    0.582760     0.021070  1
   -0.337356    -0.090707  1
   -0.616087     0.514651  1
    0.478422    -0.131215  1
    1.103994    -0.128241  1
   -0.720342     0.806395  1
   -0.651517    -0.818434  1
   -0.488608     0.252660  1
    0.060854    -0.166604  1
   -0.800970    -1.245621  1
   -0.908477    -0.324052  1
   -0.400846    -0.551093  1
    0.275820    -0.061866  1
    1.212257     1.089113  1
   -0.900141    -0.853649  1
    0.725758    -0.328714  1
   -0.872271     0.405080  1
   -0.480264    -0.294422  1
    0.753011     0.962631  1
    1.281462     0.933336  1
    1.685331     0.827296  1
   -1.354075    -1.013553  1
   -1.465461    -0.471643  1
   -0.549687    -1.033989  1
   -1.091364    -1.630993  1
    0.134271     0.528383  1
    0.252071     0.408042  1
    0.644102    -0.601779  1
    1.199034     0.922081  1
    0.759951     0.572444  1
    0.897640     0.482614  1
   -0.275929    -0.499498  1
   -1.836599    -1.392912  1
   -0.335452    -1.195567  1
    0.022694    -0.470834  1
   -0.501977     0.669533  1
   -0.123633     0.401235  1
    1.460167     1.026251  1
    0.093399    -0.033331  1
   -0.090529     0.785914  1
    0.431275     0.703407  1
   -0.674964    -0.442726  1
   -0.507461    -0.182121  1
   -0.047841    -1.236723  1
   -0.170281     0.350938  1
   -3.542317    -1.674630  1
    0.044081     0.164236  1
    0.907854     1.266746  1
    1.318087     1.747583  1
   -1.044555    -1.282888  1
   -0.550737     0.134665  1
   -1.256056    -0.098243  1
   -0.459229    -1.341095  1
   -0.294459    -0.668867  1
    0.958134     0.528885  1
    1.775256     0.751503  1
   -0.911794    -0.931701  1
   -0.559222    -0.897720  1
   -1.300745    -0.751179  1
   -0.495363    -0.874912  1
   -0.847242    -0.943459  1
   -0.714257    -0.557478  1
   -1.076637     0.174025  1
   -0.037219     0.550419  1
    0.058676    -0.367533  1
   -0.884025    -0.478117  1
    0.159058    -0.094434  1
   -2.013822    -2.163474  1
    0.954762     0.857077  1
    0.798050    -0.333324  1
    0.235975     0.211998  1
   -0.355928     0.457891  1
   -1.115742    -1.406829  1
    0.993113     0.954877  1
   -0.138396    -0.048994  1
    0.109370    -1.052011  1
   -0.145271    -0.281649  1
   -0.287157    -0.471734  1
    0.133101    -0.291586  1
   -0.136972    -0.833686  1
    0.156153    -0.057831  1
    0.854468     1.151777  1
    0.370689     0.978515  1
    0.477870    -0.211938  1
    1.224092     0.586620  1
    0.545716    -0.426498  1
    1.439988     3.123747  1
   -0.702414    -1.298661  1
    0.070349     1.291305  1
    0.441517    -0.054426  1
    0.528675     0.125012  1
    0.634420     1.053261  1
    0.108305     0.586332  1
   -0.796496    -1.289578  1
    1.138897     0.815854  1
    1.109438     0.496882  1
    0.825647     1.307377  1
    0.519967     0.378743  1
    0.395544    -0.120130  1
   -2.105337    -1.344656  1
   -0.283023    -0.177492  1
   -0.745807    -1.562584  1
    0.161343     0.632331  1
   -0.321355     0.034374  1
   -0.928017    -0.663708  1
   -0.118048     0.638444  1
   -0.870131    -0.372489  1
    0.675131    -1.145193  1
   -0.649357     0.137951  1
   -1.440937    -0.814865  1
    1.022459     0.433480  1
    0.991572     1.289425  1
    0.021611     0.470305  1
    0.244505     1.266697  1
   -0.266157    -0.168183  1
   -1.146118    -1.188878  1
   -0.629653    -0.760828  1
   -0.723604    -0.621211  1
    0.201679    -0.297302  1
   -0.237906     0.294296  1
   -0.010657     1.066736  1
    0.259799     0.540806  1
    0.294384    -1.528125  1
   -0.611401    -1.146538  1
   -1.191111    -2.335196  1
    0.646059     0.740609  1
    0.569369     0.322865  1
   -0.758756    -0.551997  1
    0.197403     0.384287  1
   -0.690807    -1.457035  1
   -1.182220    -0.477147  1
    1.473999     2.142113  1
   -0.653400    -1.372559  1
   -0.407648    -0.686936  1
   -0.435778    -0.401065  1
   -0.344344     0.214163  1
    0.259890     0.983478  1
   -0.067015     0.062365  1
   -1.890747    -0.349671  1
    1.137293    -0.187830  1
    0.251648    -0.734908  1
   -0.329575     0.049183  1
   -0.014044    -0.079342  1
    0.287655     1.353333  1
   -1.371238    -1.317554  1
   -1.595271    -1.017087  1
   -1.530687    -1.809098  1
   -0.677306    -0.606039  1
   -0.888398    -0.379591  1
   -0.183649    -0.182552  1
   -0.586080    -0.082943  1
    0.065425    -0.804793  1
    0.602292     0.056941  1
   -0.211172     0.417676  1
    0.865410     1.518547  1
   -0.623490    -0.856471  1
   -0.045177    -0.145999  1
    0.315062    -0.287684  1
    1.332694     1.317710  1
   -0.236894     1.869852  1
    0.832702     0.376686  1
    0.619654     0.404828  1
    0.269691     1.222865  1
   -1.588362     0.167940  1
    0.111312     1.512156  1
    0.242887     0.075013  1
    0.872048     0.998054  1
    0.894157     0.825484  1
   -2.162351    -2.347848  1
   -1.306902    -0.384802  1
   -0.356798    -1.489996  1
   -0.183615     0.233189  1
    0.570575     1.092327  1
   -0.783346     0.327862  1
    0.749496     0.855025  1
    1.182618    -0.389600  1
    1.890930     1.911336  1
   -1.463665    -1.755399  1
   -0.772788    -1.826662  1
    0.294462     1.122114  1
    0.517526    -0.119607  1
    0.231751     0.203713  1
    0.150821    -0.806089  1
   -1.379718    -1.284749  1
   -0.656247     0.075800  1
    0.148641     0.484214  1
    0.111786    -0.302962  1
   -0.414588     0.223177  1
    0.383651     1.047360  1
    0.821675     0.966423  1
   -0.624658     0.685768  1
    1.763477     0.809643  1
    0.539442     1.394698  1
   -1.567887    -1.506795  1
   -1.521745    -0.995953  1
    2.153252     1.296581  1
    1.502160     0.204335  1
    0.115583    -0.005793  1
    0.081413     0.248694  1
   -0.423951    -0.275048  1
   -0.887488    -0.073878  1
    0.376755     0.798765  1
    0.203039     0.336404  1
    1.895574     0.916489  1
   -0.434009    -0.262603  1
   -0.629360    -1.426123  1
    1.644588     0.645060  1
    0.814209     0.485410  1
   -0.442573     0.556225  1
    0.125967     0.006640  1
    0.491119     1.194984  1
   -0.493137     0.418016  1
    0.417678    -0.161240  1
    0.647410     0.141856  1
    1.758615     1.744647  1
   -0.299027    -0.687641  1
   -0.178203     0.208875  1
    0.295421    -0.098830  1
   -2.337810    -1.861838  1
    0.731588     0.925379  1
   -0.062619    -0.015104  1
   -0.167109     0.435012  1
    1.811885     0.187379  1
   -0.858205    -1.024117  1
   -0.077832     0.907912  1
   -0.102611     0.641744  1
   -0.801740    -0.584822  1
   -0.234114    -0.826238  1
    0.150185     0.764502  1
    0.818764    -1.026527  1
    0.029527     0.978733  1
   -0.401560    -0.352070  1
    1.043682     1.025571  1
   -0.091489    -1.301288  1
    0.417170     0.600559  1
    0.076114     0.567085  1
   -0.751356    -0.747469  1
    0.927993     0.305757  1
    0.693936     0.519905  1
   -0.309286    -0.420617  1
    0.623242    -1.012985  1
   -0.177982    -0.360191  1
   -0.712436    -1.347170  1
   -2.047031    -2.308051  1
   -0.175147    -1.568828  1
   -0.435851    -1.155500  1
   -0.152527    -1.234464  1
   -0.045714    -0.246008  1
   -0.094641     0.227145  1
    1.415989     2.345298  1
    0.386090    -0.111589  1
    0.951462     0.349875  1
   -1.045373     0.000183  1
    0.544474     0.529270  1
   -0.252299    -1.043452  1
   -0.060426    -0.740691  1
   -0.041980     1.128856  1
   -0.279010     1.220932  1
    0.146554     0.614103  1
    1.559732     0.847259  1
    1.278349     1.163779  1
    1.447403     1.180215  1
    0.495731     0.988921  1
    0.325118    -0.041871  1
    0.345116     0.507236  1
   -0.704420    -0.959486  1
   -2.123630    -1.562977  1
   -0.157704    -1.131773  1
   -1.287873    -0.493414  1
    1.613700     0.286480  1
   -0.623578    -0.900275  1
   -2.426171    -1.701857  1
    0.564874     0.200224  1
    1.083567     1.354706  1
    1.161570     0.370586  1
    0.023983     0.644926  1
   -1.561178    -2.382545  1
    0.813790     0.329616  1
   -1.955355    -1.803067  1
   -0.358768    -0.252633  1
    0.540902     1.486970  1
    1.353892     1.305530  1
    1.578221     2.035803  1
    0.390264     0.673105  1
   -0.732446    -1.171637  1
    0.569864     0.673808  1
    0.348195     0.191112  1
    1.015207     1.236531  1
    1.259082     1.382335  1
    1.879712     2.470669  1
   -1.457292    -1.379469  1
   -2.124183    -2.924120  1
   -0.198377     0.037625  1
    0.572267     1.527859  1
   -2.030297    -1.747052  1
   -0.848712    -0.981069  1
    1.488078     1.426313  1
    0.426121     0.084768  1
    0.397835     0.536580  1
   -1.046085    -1.052557  1
   -0.045376     0.134732  1
   -0.270479    -0.555127  1
   -0.742644    -0.192656  1
    0.796061     0.602538  1
   -0.296462     0.010375  1
   -0.738967    -0.086458  1
    0.950437     0.930582  1
   -0.713483    -0.978975  1
   -0.716834    -0.263511  1
    0.305697    -0.883949  1
   -0.925588    -0.621774  1
   -1.019932    -1.464485  1
   -0.549208    -0.837680  1
   -0.393587     0.272625  1
    0.078593    -0.374219  1
    0.369204     1.619347  1
    2.529128     1.745490  1
    0.643878     0.340818  1
    1.303670     1.681852  1
    1.402457     1.139703  1
    0.357922     0.974550  1
    0.402730     0.775961  1
   -0.439000     0.831854  1
    0.153940    -0.872411  1
    0.006503    -0.203597  1
   -0.488370    -0.526356  1
    0.512390    -0.206604  1
    0.789518     1.807359  1
    0.239773    -0.593480  1
   -1.215609    -0.193223  1
    0.486360     1.291151  1
    1.810637     1.360516  1
   -0.500426    -0.373352  1
   -0.274913    -0.494843  1
    1.560731     0.488629  1
   -0.649152    -0.188927  1
   -0.458864    -1.587481  1
    2.269082     2.792796  1
    0.914851    -0.353058  1
   -0.319247    -0.268916  1
    0.749572     0.972792  1
   -1.284338     0.084648  1
    0.515943    -0.070925  1
    1.181309     1.534574  1
    0.858442    -1.383552  1
    1.937855     2.208121  1
    0.435622     1.033145  1
    0.868771     1.108369  1
   -2.098710    -2.071960  1
    1.288453     1.676365  1
    0.114136    -0.718823  1
    1.361619     1.834636  1
   -2.078032    -2.112372  1
    0.855535    -0.807544  1
   -0.852760    -0.201897  1
   -1.068960    -0.970324  1
   -0.663091     0.400336  1
    0.230859    -0.808503  1
   -0.656495    -0.000385  1
    1.363474     1.012843  1
   -1.494046    -1.565968  1
   -1.061575    -1.706389  1
   -0.154908    -1.206036  1
   -1.344953    -0.715868  1
   -1.791227    -0.504195  1
    0.306961     1.985480  1
    0.477599    -0.061194  1
   -1.578695    -0.818827  1
    0.179086     1.098385  1
   -0.074439     0.426560  1
   -0.216755     0.445991  1
    1.233576     0.763397  1
   -1.564695    -0.445903  1
    0.940600     1.492941  1
    0.926652     0.443071  1
   -2.171286    -1.351905  1
    0.255474     0.343001  1
   -1.655670    -1.034186  1
    0.521996     0.190098  1
   -0.647182     0.278532  1
   -0.256108    -0.196951  1
   -0.036490    -0.191360  1
   -0.995605    -0.151156  1
    0.520842    -1.371578  1
    1.347069     1.965685  1
   -0.597579    -0.963329  1
   -0.302565     0.109941  1
   -0.605970     0.448625  1
   -1.163575    -0.594670  1
    2.281607    -0.134033  1
    0.388477     0.205948  1
   -0.625944    -0.553182  1
    0.811529     0.719926  1
    1.462002     1.821191  1
    1.497811     1.569119  1
    0.674389    -0.186169  1
    1.104124     1.837820  1
   -0.278178    -0.643297  1
    1.301571     1.284886  1
    0.141883    -0.498344  1
    1.994920     1.502727  1
   -1.280657    -0.247126  1
   -1.043125    -0.839752  1
   -0.358297    -1.823792  1
    0.896576     0.277193  1
    1.108639     0.215704  1
    0.224502     0.287149  1
   -0.511233    -0.849843  1
    0.505005     0.208136  1
   -2.525287    -2.473040  1
   -0.232059    -0.498713  1
   -0.031752    -1.397113  1
    0.050854     0.506770  1
    0.756247     0.802384  1
    0.638424     0.244601  1
    0.402690     0.727253  1
   -0.724624    -0.523200  1
   -0.596219    -1.097971  1
   -0.688493    -0.967843  1
   -2.497958    -2.153846  1
   -0.142297    -0.155510  1
    0.892864     0.944150  1
    0.115487     0.643164  1
    2.751769     2.557286  1
   -0.323001    -0.146315  1
   -0.343246    -0.217438  1
    1.665057     1.447320  1
    0.478087    -0.593058  1
   -0.648973    -0.682875  1
    0.574212     1.020886  1
   -1.206385    -0.299156  1
    0.048360    -0.625539  1
   -0.050755    -0.354246  1
   -0.749976    -0.751794  1
    0.996475     1.516832  1
   -0.050366     0.012020  1
   -0.694827     0.634548  1
    1.060416     0.439074  1
    0.238325    -0.500829  1
    0.109921     0.472259  1
   -0.531006    -1.118190  1
   -0.165938    -0.562057  1
   -0.317658     0.225873  1
   -0.855778    -0.344526  1
    0.104917    -0.457515  1
    0.927141     1.062911  1
    0.183785    -0.038148  1
   -0.805571    -0.282022  1
   -0.317912    -0.523753  1
   -1.909276    -1.422954  1
    0.612972     0.892000  1
   -1.232644    -1.145846  1
    1.353188     0.682881  1
   -1.285158    -2.136366  1
    0.155512     1.495699  1
    0.574750     0.442882  1
   -0.214017    -0.779179  1
   -1.120716    -0.017200  1
    1.235469     1.527674  1
    0.962655     0.265029  1
   -0.546849    -1.806895  1
    0.576143    -0.300519  1
   -0.122381     0.619529  1
   -0.459635    -0.437427  1
   -0.006265    -0.696668  1
   -0.654758    -0.193851  1
   -0.208470    -0.546022  1
   -0.118377     0.577423  1
    0.064558     1.160357  1
    2.536977     0.540555  1
    0.097836    -0.121432  1
   -0.557121    -0.978204  1
   -0.799806     0.437311  1
    1.610598     1.315772  1
    1.366458     0.772511  1
   -1.000487    -2.215784  1
    0.886034     1.237219  1
    0.853336     0.446898  1
    0.976607     0.330257  1
   -0.986575    -2.066338  1
    0.024171     0.600767  1
    0.570787     2.077115  1
    2.214230     1.969793  1
    1.551954     1.745894  1
    0.690503     0.354105  1
   -0.329578    -0.404704  1
    1.656268     0.606046  1
   -0.209623    -0.481500  1
   -0.126440    -0.207485  1
   -0.580553     0.466805  1
   -0.096504     0.098067  1
   -0.794163     0.657004  1
   -0.484786    -0.587017  1
    0.796585     0.055111  1
    0.736516     0.034658  1
    2.096089     1.422895  1
    0.566355     0.050199  1
   -0.111304    -0.469277  1
    1.621085     1.460505  1
    0.774832     1.090469  1
   -1.422634    -1.040996  1
   -1.629198    -0.250501  1
    0.477029     0.960265  1
    0.741356    -0.029879  1
   -0.349115     0.367560  1
    0.731830    -0.109672  1
    0.036652     0.078527  1
    1.493738     2.297315  1
   -0.944050    -0.609993  1
   -0.607614    -2.322795  1
   -0.030945     0.810735  1
    1.342157     1.895240  1
    1.314644     0.363764  1
   -0.881647    -0.893061  1
   -0.873976    -1.009487  1
    0.649869     0.947993  1
    0.553210    -0.274092  1
   -0.619512    -0.523780  1
   -0.517273     0.012774  1
   -1.076031    -0.299877  1
   -2.306736    -1.677442  1
    1.247069     2.150529  1
   -0.960016    -1.173138  1
   -0.095628     0.212979  1
   -0.103261    -0.537209  1
    0.404124     0.404799  1
    1.192435     2.466386  1
   -1.328791    -0.574355  1
    0.873617     1.897003  1
    0.054712    -0.855497  1
    0.720109     0.506066  1
   -1.114038    -0.627897  1
   -1.253658    -1.335410  1
   -0.126152     0.589729  1
   -0.031781     0.422084  1
    0.874636     1.063031  1
    1.029626     0.830235  1
   -0.606653    -0.925076  1
    0.856668    -0.225406  1
   -0.612371    -0.122027  1
    0.871076     1.038182  1
    0.410593     0.288468  1
    0.376021     2.137344  1
   -0.323330    -0.742081  1
   -0.674977    -0.774310  1
   -0.661909    -0.027035  1
   -1.147729    -1.976379  1
   -0.279276    -1.240059  1
   -1.289801    -0.229378  1
   -0.708042    -0.460334  1
   -0.410423    -1.145779  1
   -1.274636    -0.146090  1
    1.128684     0.129667  1
    0.666424     0.469016  1
    0.189631     1.086213  1
    0.206209     0.271622  1
    0.456593    -0.220463  1
    0.374524     0.490436  1
    0.164188    -0.478039  1
    2.018878     1.544357  1
    0.645341    -1.390385  1
   -1.588230    -2.039262  1
    0.528465     0.800839  1
    0.230405     0.151187  1
    1.221970     1.752864  1
    0.741685     0.921872  1
    0.646197     1.412217  1
   -0.861467     1.190053  1
   -1.176485    -0.475097  1
   -1.348845    -1.345645  1
   -0.752781    -0.554388  1
   -1.336660     0.257768  1
    1.146818     1.344192  1
    0.568333     0.704394  1
   -2.444620    -1.836023  1
    2.140185     2.719244  1
   -0.530727     1.634350  1
    0.045357    -0.073482  1
   -0.095057    -0.517312  1
    1.667894     1.720920  1
    0.105731     0.043696  1
   -0.500178    -0.796329  1
   -2.114673    -2.623860  1
    0.438837     0.313176  1
   -0.466834    -0.407812  1
    0.214078     0.751981  1
    1.235494     0.895484  1
    0.777277     1.764577  1
    0.945463     0.515026  1
    0.413788     1.569068  1
   -1.635814    -1.663136  1
    0.398565    -0.081272  1
   -0.602482    -0.560375  1
    1.505479     2.137649  1
   -2.475724    -1.877466  1
    0.578447     0.466742  1
   -1.131777    -0.629447  1
    1.269648     1.373687  1
   -0.989369    -2.015386  1
   -0.104687     0.105773  1
   -0.648232    -1.009705  1
   -0.289002    -0.369882  1
    0.299827     0.166107  1
   -0.990335    -0.559697  1
    0.528408     0.429202  1
   -0.409999    -0.065062  1
    0.366983     1.159854  1
    0.345675    -0.132962  1
    1.225584     0.978282  1
    0.426374     0.014403  1
   -1.052157    -1.385346  1
    1.220699    -0.084676  1
    0.657240    -0.584223  1
   -1.450244    -1.496890  1
    0.641640     0.341071  1
   -0.232757    -0.046715  1
    0.264023     0.149585  1
   -0.679210    -0.691646  1
   -0.893566    -1.301605  1
    0.184950     1.019170  1
   -0.214630    -1.419345  1
   -0.362670     0.769939  1
   -1.042407     0.072383  1
    0.429917     0.509996  1
   -0.956514    -0.549555  1
   -0.925063    -1.728880  1
   -0.039743     0.972251  1
    1.073743    -0.293567  1
    1.030787     1.979735  1
    0.850105     1.145440  1
   -0.046623     0.388150  1
   -0.540911    -0.249203  1
    1.323243     0.626551  1
   -0.304172    -1.147316  1
   -0.317382    -0.408846  1
    0.423991     0.892466  1
    1.390996     1.427127  1
    0.000470     0.568112  1
    2.230076     1.407855  1
    0.718323     0.460184  1
    0.564277     0.403873  1
    0.593644    -0.034897  1
   -0.049177    -0.148783  1
    0.430209     2.051278  1
   -0.342160     1.003299  1
   -0.444555    -1.118529  1
   -0.051335     0.458108  1
    0.191875    -0.133539  1
    0.488480     0.222952  1
    0.170945     0.035118  1
    0.081681     0.027612  1
   -0.952299    -0.313366  1
   -1.284374     0.770450  1
   -0.794872    -1.593508  1
    0.511048     0.321279  1
    0.105650    -0.915225  1
   -1.162023     0.057698  1
    1.643114     1.731963  1
   -0.246007    -0.392747  1
   -2.090390    -1.609210  1
    0.758290    -0.082581  1
    0.432074     0.170734  1
   -0.473972    -1.295263  1
    1.079427     0.033796  1
    0.654434     1.248768  1
   -0.639528     0.117825  1
   -1.049344    -0.218945  1
    0.497726     0.405639  1
   -0.461116    -0.632872  1
    0.481638     0.339482  1
    1.612861     1.177014  1
   -1.505823    -0.592654  1
   -0.397050    -1.147169  1
   -1.042235    -1.669342  1
    0.222398    -1.448177  1
    0.702497     0.929905  1
    1.429210     0.895815  1
   -0.007466     0.714133  1
   -0.584034    -1.194391  1
   -0.017305     0.657335  1
    0.131273     1.547302  1
   -0.682178    -0.444183  1
   -0.433983    -3.043579  1
    0.314535    -0.572640  1
   -0.441867    -0.130016  1
   -0.397292    -0.376159  1
   -0.927896    -0.429256  1
   -0.155001    -0.520461  1
   -1.094862    -0.703945  1
   -0.731802     0.105006  1
   -0.388598    -0.187309  1
   -0.149362     0.152586  1
    0.933878     0.917598  1
   -0.972414     0.141396  1
    0.971601     0.718044  1
    1.051028    -0.001284  1
   -0.305156     0.166366  1
    1.399783     0.464854  1
    1.912760     0.976755  1
    0.339135     2.392738  1
    1.141166     1.865063  1
    1.648857     1.569405  1
   -0.966880    -1.968798  1
   -1.186988    -0.945272  1
    1.419048     1.249351  1
    0.751749     0.342340  1
   -0.688306    -1.583599  1
   -0.413108    -1.105089  1
   -2.104639    -1.162398  1
    0.652726     1.776303  1
   -0.888244    -1.237874  1
    0.734962     0.035923  1
    0.996114     0.441005  1
   -0.305197    -0.428180  1
   -0.339463    -0.986042  1
   -0.576439    -0.993225  1
    0.761854     0.450478  1
    0.549263    -0.147172  1
   -1.139266    -0.151073  1
    2.306937     1.910535  1
   -1.895312    -0.998499  1
    0.848550     0.693702  1
    0.674633     0.870438  1
    0.804453     2.258309  1
    1.091298     2.003434  1
    0.806060     1.312778  1
   -0.745822     0.425908  1
    0.972109    -0.074511  1
    0.209087     0.401835  1
   -0.051696     0.858607  1
    1.764235     0.680112  1
   -1.176074    -1.199586  1
    0.715668     0.313519  1
   -1.488977    -1.205306  1
    1.689325     1.199518  1
    1.173914     0.558320  1
   -1.102811    -0.427573  1
   -0.850108    -0.881654  1
   -0.506268    -0.470235  1
    0.139757    -0.133951  1
   -0.510205    -0.119637  1
   -1.203482    -1.473162  1
    1.480019     0.693206  1
   -0.979135    -0.646268  1
   -0.120632     0.329743  1
    2.030807     1.027767  1
   -0.092702    -0.758814  2
   -0.613732    -0.662229  2
   -0.140618     0.203661  2
    0.946083     0.928621  2
    0.329005     1.647216  2
    0.689558     0.806720  2
    0.391490    -0.195280  2
   -0.258390    -1.271241  2
   -0.081511    -1.391423  2
    0.101383    -0.415740  2
   -1.306523     0.240627  2
   -0.446348     0.708586  2
   -0.357467     0.647420  2
   -0.222331     1.043692  2
    1.454373     1.811678  2
    0.822542    -0.091295  2
   -0.271130    -0.984918  2
    0.755653     0.165255  2
    1.489461     2.489390  2
   -0.877858    -1.597668  2
   -1.552094    -1.176466  2
    1.225392    -0.339256  2
    0.087791    -1.555249  2
   -0.049151    -0.119840  2
   -1.252127    -0.072392  2
   -1.042639    -0.923133  2
    1.699737     0.205547  2
   -0.450455     0.092408  2
    2.178142     0.742794  2
    0.865991    -0.240338  2
   -1.725684    -0.444921  2
   -0.033172     0.636187  2
   -0.941574    -1.246486  2
    0.139198     0.689058  2
    1.558222     0.834771  2
   -1.017168     0.183202  2
    0.387626    -2.075560  2
    1.056773     1.394208  2
   -0.489503    -0.500304  2
   -0.235824     1.136933  2
    1.353568     1.488182  2
   -0.363187     1.008734  2
   -0.415899     0.722039  2
   -0.794809    -1.704414  2
   -0.859891    -0.931765  2
   -0.704684    -0.384735  2
    1.411473    -0.255581  2
    1.520137    -0.215971  2
    0.041379     2.131061  2
   -0.089271    -0.047447  2
   -0.173047    -0.815652  2
   -1.190304    -1.645292  2
   -1.118626    -0.640740  2
    0.996474     1.142541  2
    0.150483    -0.393793  2
   -0.762126    -0.141068  2
    1.394726     1.510407  2
    1.628983    -0.468431  2
   -0.240995    -1.185728  2
    1.475863     0.102189  2
    1.471815     0.179069  2
   -1.154251    -1.870645  2
   -0.697473    -0.726930  2
   -0.356351    -0.033282  2
    1.518559    -0.846128  2
   -0.566302    -0.681345  2
   -0.167684    -0.230129  2
    2.743828    -0.009434  2
   -1.028125    -0.258303  2
   -0.885894    -0.461463  2
    0.513084     2.143901  2
    1.489280     0.139322  2
    2.179006     1.046751  2
    1.369989     0.960248  2
    1.112599    -0.833759  2
   -0.948985    -1.006526  2
   -0.680848     1.314838  2
    0.582244     1.362446  2
   -0.077587    -1.799564  2
   -0.843824     0.966603  2
    0.052474    -0.846187  2
    0.393945    -1.994435  2
   -0.099786     0.337387  2
    0.311289     0.037412  2
    1.651358    -0.228138  2
   -0.309392    -1.488320  2
   -1.206374     0.842842  2
    0.021784     0.661805  2
   -0.385074     2.327147  2
    0.876679    -0.083421  2
   -0.613409    -0.399507  2
    0.586797    -0.949720  2
    1.705989     0.577114  2
   -0.867386    -0.986584  2
   -0.672286    -0.912161  2
    1.098406     0.882278  2
   -0.068923     0.898591  2
    0.989555    -0.034601  2
    1.115879     1.514062  2
   -1.743911    -1.286118  2
    0.072637     1.190082  2
   -0.039442     0.702453  2
   -0.442456    -0.720963  2
    0.073274    -0.224156  2
   -0.644141    -2.745124  2
    0.133553     0.009442  2
    0.072954     0.490685  2
    1.536780     1.235092  2
   -0.405067     0.038551  2
    1.061269    -1.111162  2
   -1.839534     0.276954  2
   -1.358449    -0.251478  2
    1.705446     0.293849  2
   -1.383748     0.044506  2
    0.802787     1.159014  2
   -0.284727     0.003792  2
   -0.144956    -0.003168  2
   -0.798547    -1.211642  2
    2.327150     1.913467  2
    0.155122     0.963012  2
    0.167764     0.219996  2
   -2.253385    -1.665299  2
   -0.995894    -1.014587  2
    0.430571     0.312482  2
    0.315537    -0.977260  2
   -2.325286     0.242213  2
   -0.289966     1.944034  2
   -0.967120     0.267886  2
   -1.337368    -0.806401  2
   -0.124887    -0.187551  2
    0.602014     1.397895  2
   -1.422657    -0.697948  2
    0.679492    -1.440432  2
   -1.155973    -0.672406  2
    1.358738    -0.869410  2
   -1.391246     0.444401  2
    0.290540    -0.280004  2
    0.379938    -0.737710  2
    1.129773    -0.879890  2
    0.071523    -1.452675  2
    0.143293     0.385238  2
    0.195802    -0.244597  2
    0.524472    -1.377529  2
    0.533462     0.815357  2
    0.707643     1.061550  2
   -1.558760    -1.936622  2
    0.012036    -0.405610  2
    0.078054     1.499795  2
    0.225293    -0.681046  2
   -1.489575    -0.110781  2
   -1.381167    -0.705796  2
   -0.086102     0.404401  2
   -0.541328    -0.207733  2
    0.827449     0.456197  2
   -0.151365     0.334929  2
   -0.860986     0.135465  2
   -0.399566     0.147676  2
   -0.595936     0.290667  2
   -0.092145    -1.562390  2
    0.808662     2.047226  2
   -1.100105    -1.894985  2
    2.125082     0.747949  2
   -1.552397    -0.240449  2
   -0.577950     0.587243  2
   -0.736843    -1.709626  2
    0.165073    -0.318078  2
    2.220909     1.155648  2
    1.282979     1.923329  2
    0.636892     0.177584  2
   -0.307817     0.271441  2
    0.329845    -0.288503  2
   -0.044920    -0.688655  2
    0.168117    -0.332908  2
    1.146864     0.396418  2
   -1.131114    -0.984221  2
    0.156055     2.654187  2
   -1.605042     0.665930  2
    0.535367     0.014642  2
   -1.546837    -0.194099  2
   -0.164608     0.808775  2
    0.587534    -0.060649  2
   -0.405355    -0.446653  2
    0.368800     0.288660  2
    0.896685     0.267452  2
   -0.369597    -0.681574  2
   -1.977762    -0.246324  2
   -0.932390    -1.018486  2
    0.531010     0.598137  2
    0.892364     1.787194  2
    0.151556    -0.074482  2
   -0.782372    -1.859706  2
   -0.242087     0.429291  2
   -0.940904     0.671757  2
   -0.680900     1.011594  2
   -0.862801     1.436992  2
   -1.670391    -1.671292  2
   -0.493072    -0.677780  2
   -1.499458    -1.667826  2
   -2.057391    -0.625434  2
   -0.730852    -0.636560  2
   -0.154885     1.791517  2
    0.940990    -1.001164  2
    0.446582    -0.462986  2
   -0.444854     1.020357  2
    0.087583     0.307688  2
   -0.531346     0.244102  2
   -0.332950    -0.665271  2
    0.963890     0.132611  2
   -0.238867     0.037242  2
    0.129198     0.294113  2
   -0.085268     0.207886  2
   -1.907773    -0.636240  2
   -1.038626    -0.922394  2
    3.024859     1.979744  2
   -1.511657    -1.329341  2
   -1.043726    -0.124923  2
    0.200974    -0.008551  2
   -0.578822    -0.317609  2
    0.016219     1.010334  2
   -1.181359    -0.933622  2
    0.998934     1.010025  2
    0.111890     0.109594  2
    0.110433     1.333139  2
   -0.709699     2.029982  2
    0.060828    -1.032231  2
   -0.705152     1.125195  2
   -0.439179     0.270368  2
   -0.550947    -0.077683  2
    0.974981     2.166768  2
   -2.675214    -1.068685  2
   -0.295707    -0.553489  2
   -0.397714    -0.774515  2
    0.820992     0.180284  2
   -0.237295     0.607170  2
   -1.189684    -0.705724  2
    0.156308     0.442007  2
    0.001742    -0.987931  2
   -1.132950    -1.361768  2
    0.057997     0.159360  2
   -1.020038     0.589394  2
    1.099443    -0.543816  2
   -0.594197     1.024914  2
    0.416121    -0.607531  2
   -1.481785    -1.513323  2
    0.078347    -0.808077  2
   -0.237885    -1.161705  2
    0.208397    -1.005307  2
    1.519830     1.242895  2
   -1.652109    -1.422645  2
    0.903589    -1.372228  2
   -2.308598    -0.608632  2
    0.460860     0.397251  2
    0.118134    -0.052960  2
   -0.023970    -0.724294  2
   -0.279159    -0.164802  2
   -0.478851    -0.209652  2
   -1.068233    -0.321443  2
   -0.899726    -1.605648  2
    0.161363    -1.221102  2
   -1.096844     0.203267  2
   -0.742433    -0.980235  2
    1.796848     0.897971  2
    0.129445    -0.741986  2
   -1.658360    -0.600162  2
   -0.431630     0.509061  2
    1.910410    -0.875791  2
   -0.513751     0.212125  2
   -0.669349     0.282212  2
   -0.286371    -0.323736  2
   -0.106850     1.185751  2
    1.741630     1.878172  2
   -1.315193    -1.117562  2
   -0.142997    -0.461872  2
    0.467062    -0.198277  2
   -0.821439     0.060214  2
    0.731781     0.205324  2
   -1.194548     0.638518  2
   -0.830382     0.888240  2
   -0.788024     0.425286  2
    1.410301     0.894524  2
    0.328621     0.054104  2
    0.532631     1.237955  2
   -0.349585    -0.835002  2
   -0.361287    -0.710796  2
   -0.743409     0.228839  2
    0.880521     2.039966  2
   -0.357186     0.864702  2
    0.319293    -0.342105  2
   -1.021361    -2.482697  2
    1.303124     0.996715  2
   -1.935909    -0.970718  2
    1.202196     0.387018  2
    1.323069     1.039381  2
    0.655767    -0.553917  2
    1.553877     0.738510  2
    0.849822     2.521846  2
    1.260083    -0.018376  2
    0.448484    -0.520320  2
   -1.066497     0.963112  2
    1.778758    -0.815951  2
    1.521076     1.508174  2
   -0.124986     0.810855  2
    0.927550     0.847716  2
    1.000705     2.368070  2
   -0.526933    -0.260068  2
    0.789975     0.468438  2
   -0.759434    -0.954671  2
   -0.040552    -0.321596  2
   -1.611994     0.862774  2
   -0.132542    -0.302332  2
   -2.059991    -1.559823  2
   -0.412698    -0.464794  2
   -0.894063    -0.200780  2
    0.822538     2.427366  2
    0.871891     0.385408  2
    1.908113     0.842196  2
   -1.611202    -0.790770  2
    1.024999     0.334652  2
    0.546836    -0.662547  2
   -0.458810     2.043737  2
    0.160815    -0.688486  2
    0.026699    -0.394889  2
   -0.415444    -0.991357  2
    1.622629     1.221742  2
    2.392692     0.242283  2
   -0.720830     0.251311  2
    0.579668     0.468861  2
    0.236869    -0.361901  2
   -0.702343    -0.195421  2
   -0.260890    -2.551988  2
   -0.311144    -0.392327  2
   -0.494226     0.253049  2
    0.041079     0.631933  2
   -0.982225     0.518200  2
   -1.256900    -1.212307  2
   -1.346042    -0.752218  2
    1.161159    -0.716767  2
   -1.472206     0.646726  2
    0.204215    -0.743209  2
   -1.484427     0.346587  2
    0.425856    -0.630434  2
    0.899153     1.236825  2
    0.315916     0.363943  2
    1.091202     0.063533  2
   -1.650025    -0.031038  2
   -0.434915    -0.425228  2
    1.133890     0.397968  2
   -1.174813     0.285244  2
   -0.606993    -0.103731  2
    2.322375     2.645459  2
    0.017460     0.079363  2
    0.583295     1.538691  2
    0.252054    -0.197887  2
   -1.303172    -0.480827  2
    1.655782    -0.126508  2
   -1.594612     1.613901  2
   -0.058616    -0.903368  2
   -0.050090    -0.829931  2
    0.742630     0.200824  2
   -0.123978    -0.041817  2
    2.082142    -0.679192  2
    0.119831    -0.168883  2
    0.213915    -1.029585  2
    0.130888     1.157090  2
    0.578863     0.911835  2
   -0.434796    -1.224799  2
   -1.939382    -2.445291  2
    0.776148     0.256838  2
   -0.217532    -0.431607  2
   -1.307044    -0.142255  2
    1.176464    -0.337545  2
    0.457089    -1.040807  2
   -0.084796     0.642813  2
    0.574025     1.511066  2
    1.244534     1.293158  2
    1.533864     2.015126  2
   -1.619674    -0.246764  2
   -1.035460    -1.475284  2
    0.410619    -0.106504  2
    2.255671     1.733913  2
    2.200712     1.699295  2
    1.243054    -2.422340  2
    0.054771     1.531693  2
   -1.999525    -1.575689  2
   -1.276659    -1.785077  2
   -1.004846     1.276859  2
    0.515702    -1.644134  2
   -1.009320    -2.153117  2
   -0.465364    -0.714297  2
   -0.053334     0.065882  2
   -1.443000    -0.666322  2
   -0.152269     0.125756  2
   -0.835395     0.386958  2
   -0.147165     0.226138  2
    1.489668     0.303717  2
    0.517413     0.445032  2
    0.479822     0.628849  2
   -0.833828    -0.107604  2
   -1.627028    -1.270105  2
    0.048273     0.642337  2
    0.345627    -0.457400  2
   -0.687847    -0.406406  2
    0.043680     0.044817  2
    1.033410     0.487163  2
    0.893754    -0.107049  2
   -1.232040    -1.036107  2
   -0.275051    -1.033271  2
    0.610331    -0.580912  2
    0.361502     0.444482  2
    2.499512     2.398646  2
    1.295607     1.315972  2
   -0.247428    -0.179352  2
    0.208347    -1.464290  2
   -1.314982     1.007479  2
   -0.009860     2.115475  2
    0.434086    -1.569544  2
    0.800192     0.833789  2
    0.347684     0.061929  2
    0.568611     0.331642  2
   -0.510680    -2.289107  2
   -1.997242    -0.034447  2
    0.035270    -0.233217  2
   -0.252973    -1.497763  2
   -0.353322    -0.771636  2
   -2.203098    -1.474030  2
    0.855014     0.716848  2
   -1.578176    -0.435218  2
   -0.363199    -0.533129  2
    2.407983     1.861874  2
    0.922292     1.486313  2
   -0.705332     0.362432  2
   -0.315156    -0.695590  2
    1.360392     1.011382  2
    1.410889    -0.808283  2
    0.348243    -1.141938  2
   -0.275544    -1.327104  2
   -0.027336    -0.973257  2
   -2.178754    -0.903241  2
    0.743375    -0.789470  2
    0.757182    -0.288568  2
   -0.576962    -0.555521  2
   -0.824483     0.365449  2
    1.622508     1.226799  2
   -0.937792     0.007827  2
    0.408076    -0.288950  2
    0.666917    -0.251957  2
   -0.233345    -0.447074  2
   -0.323790     0.257917  2
    0.859945    -1.200972  2
   -1.297187    -1.012315  2
    0.689391     0.559439  2
   -2.093626    -0.513211  2
   -0.583177    -0.432305  2
   -0.055304    -0.104023  2
   -1.203388     0.903707  2
    1.778313     1.002159  2
   -0.979761    -1.529130  2
    0.415670    -0.084264  2
   -0.056127     0.424666  2
    0.314433     0.543656  2
   -2.518154    -2.288523  2
    0.946643     0.871082  2
    0.391256     1.463927  2
   -0.256967    -0.281683  2
    0.050600    -0.319061  2
   -1.643075    -0.485005  2
    0.276674    -0.803577  2
    1.015954    -0.191012  2
   -1.730310    -0.101797  2
    0.869310     1.341848  2
    0.711182    -0.117174  2
    1.109997     0.699391  2
    1.317995     1.186370  2
   -0.237650    -0.076069  2
   -0.218090    -0.012835  2
    0.169791    -0.276044  2
    0.934745     0.707645  2
   -0.444578     0.446873  2
    1.551561     0.360075  2
   -0.640296     0.110100  2
   -0.124702    -0.495596  2
    0.190793    -0.197101  2
   -0.037747    -0.176289  2
    0.895524     0.560889  2
    2.681121     1.824578  2
    0.240203     0.738051  2
    0.536051    -0.523679  2
   -0.614717    -1.133721  2
    0.086421     1.358834  2
   -0.536588    -0.276348  2
    0.627625     1.245108  2
    0.613856     0.490517  2
    0.288553     1.270529  2
   -0.022997    -1.489843  2
   -0.438126    -1.814251  2
    0.304050     0.471531  2
    0.875713     1.407573  2
   -1.100265    -0.853822  2
   -1.663637     0.394481  2
   -1.372296    -1.720302  2
   -1.889571    -2.052260  2
   -0.485011    -0.276369  2
    0.477182     1.563196  2
    1.430064    -1.616782  2
    0.686745    -0.584373  2
   -0.856370     0.872997  2
   -1.288237     0.056085  2
    1.177502     1.456335  2
   -1.110087     0.777970  2
   -0.970142    -1.152498  2
   -1.806456    -1.306683  2
   -1.196260    -0.566847  2
    0.415962     0.649253  2
   -0.394113     0.014050  2
   -0.063814    -1.074810  2
   -1.484566    -0.996078  2
    0.158561    -0.235061  2
   -0.591888    -1.037172  2
   -0.169894     2.530747  2
   -0.913633    -0.714010  2
    0.817401    -0.867676  2
    0.825387     0.387436  2
    0.904333     1.086089  2
   -0.269091     0.635487  2
    1.897978     0.506493  2
   -1.435942    -1.185091  2
    1.512298     2.764896  2
    0.369410     1.494792  2
    0.637086     0.229308  2
    0.288759     0.204094  2
    2.118677     1.511690  2
   -0.497878    -1.092321  2
    0.538236    -1.627553  2
    0.332052     0.218640  2
   -0.380805    -0.750250  2
    0.202294    -0.184196  2
   -2.230766    -1.256562  2
    0.330508     0.096841  2
    2.158391     0.844938  2
    0.015352    -0.977797  2
    0.742509     0.001657  2
   -1.634493    -0.661718  2
   -1.078868     0.594239  2
   -0.821433    -1.391332  2
   -0.485062    -0.634945  2
    0.011458    -0.806387  2
   -0.221270    -1.000729  2
    0.321993    -1.408983  2
   -1.095794    -0.215828  2
   -0.879292     0.489101  2
   -0.642307     0.549129  2
    1.158744     1.461359  2
    0.353849     0.286255  2
    0.266795     0.813434  2
    1.592801     0.826997  2
    0.850690     0.940633  2
   -1.819108    -0.329419  2
    0.934355     0.838653  2
   -0.695990     0.151742  2
   -2.064817    -0.142559  2
    1.933102     0.480907  2
   -0.072751    -0.040050  2
    0.322236    -1.274192  2
    0.586098     1.086448  2
   -0.854835    -2.061092  2
   -0.766675     0.883696  2
   -0.289744    -0.201389  2
    0.700025     1.197207  2
    0.652652     1.190604  2
    0.477991    -0.432608  2
   -0.831804    -0.746036  2
   -1.731472    -0.402231  2
   -0.096704    -1.327950  2
    0.591884    -0.776849  2
   -0.744622     0.289939  2
   -0.282443     0.938758  2
    0.416274     0.245224  2
   -0.233275     0.015157  2
    1.840188    -0.010222  2
    1.497269     1.336677  2
   -1.088845    -0.815255  2
   -0.632592    -1.265117  2
    0.401093     0.304460  2
    0.699807     1.048348  2
    0.601217     1.608645  2
    0.085487     0.974975  2
    0.256512    -0.837531  2
    0.385375    -0.574049  2
   -0.345722     1.353975  2
    0.536190    -0.833604  2
   -1.842957    -1.456849  2
   -0.795176    -0.090009  2
    1.812628     0.350974  2
    1.494886     2.805109  2
   -0.096056    -1.564738  2
    0.300898     1.492126  2
   -1.117918    -1.130886  2
    0.143753    -1.317520  2
    2.183452    -0.269054  2
    0.038666     0.935222  2
   -0.175000    -0.882687  2
   -2.234378    -0.482913  2
   -2.064195     0.189317  2
    1.346703    -0.000075  2
   -1.884491    -0.719607  2
    0.030618    -0.754030  2
   -0.110503    -0.953811  2
   -1.279203    -0.571175  2
   -0.114403    -0.440853  2
    1.289896    -0.037631  2
    0.170290    -1.076568  2
   -1.288241    -2.488435  2
    0.025593     0.646551  2
   -0.925121    -1.634390  2
   -0.831346    -2.003489  2
   -0.591407    -1.243142  2
   -0.407042    -0.211038  2
    3.446497     0.968125  2
   -1.076488    -0.072081  2
    0.376694    -1.047224  2
   -1.451260    -0.733419  2
   -1.516347     0.133682  2
    0.511111    -0.675531  2
   -0.566785    -0.086014  2
   -1.325637     1.345603  2
    0.174952    -0.747039  2
    1.336963     0.010793  2
    0.793410    -0.855613  2
   -0.446087     0.644479  2
   -1.606434     0.004848  2
    1.261773     0.133921  2
    1.047921     0.887960  2
    0.182144    -0.354080  2
   -0.681794     0.661436  2
   -0.102836    -0.868267  2
    1.268747     1.749084  2
   -0.585164     0.845919  2
    0.359779    -1.932736  2
   -0.122639     1.422540  2
    0.752583     0.753120  2
    0.265669     0.228279  2
   -0.187106     1.175825  2
    1.382735     0.842528  2
    0.975258    -0.073516  2
    0.460409    -0.822351  2
    0.590806     0.230811  2
    1.670375     1.095864  2
    0.148607     0.282419  2
   -1.231050     0.878047  2
   -0.168091    -0.680168  2
    0.231200    -0.103231  2
   -0.327371     0.427985  2
    1.436185    -0.277655  2
    1.243464     2.353498  2
   -0.111586    -1.315237  2
    0.451259    -1.473140  2
   -1.315478    -1.621506  2
   -0.744453     0.174564  2
    1.032273    -0.794656  2
   -1.282246    -0.430028  2
   -1.080418    -2.278372  2
   -0.577704     0.837081  2
    0.982913    -0.502449  2
   -1.388553     1.228170  2
   -0.124676    -1.028218  2
    2.796640     0.566679  2
    0.966705     1.419718  2
   -1.431708    -1.040472  2
    0.035652    -1.001282  2
   -0.507809    -0.707866  2
    0.199531     1.587839  2
    1.462899     0.598837  2
    1.343905     0.145526  2
   -1.819640    -0.349163  2
   -0.265706    -0.599073  2
   -1.430769    -0.898359  2
   -0.277693     0.715130  2
   -0.000850    -0.128603  2
   -1.007769    -2.148905  2
    1.521917     1.493962  2
    0.095413    -0.079346  2
    1.533481     0.453759  2
   -0.986273    -1.122815  2
   -1.930080    -0.359920  2
    1.011130     2.313316  2
   -0.437497    -1.800640  2
   -0.809941    -0.884586  2
   -0.955392    -0.678786  2
    0.332199     1.089829  2
   -0.611958     0.557615  2
    0.025749     0.533004  2
   -0.519576    -1.038730  2
   -0.417892     0.788112  2
   -0.287161    -0.444856  2
   -0.437473     0.480673  2
    0.199591     0.912009  2
    0.629045     1.039997  2
   -0.931318     1.662481  2
   -0.971004    -0.845284  2
    0.162340     0.709944  2
   -0.752564     0.929278  2
    1.701767     0.181386  2
    0.385680     1.130937  2
    0.901765     1.282650  2
    0.430075    -0.033593  2
   -1.375632     0.476199  2
    0.451260    -0.693246  2
    2.288489     2.253925  2
   -0.597256     0.918369  2
   -0.514847    -2.648329  2
   -0.712715    -0.970644  2
    0.403536     0.829101  2
    0.426268    -0.993494  2
   -0.905904    -0.701153  2
    0.519583    -0.777607  2
   -0.048456     0.085562  2
    1.072749    -0.296919  2
    1.309064     1.363568  2
    0.682799    -0.080767  2
   -0.750024    -1.103445  2
    0.084912    -0.837298  2
    1.325956    -0.278026  2
   -0.493317    -0.960461  2
    0.351220     1.040500  2
    0.485381     0.525382  2
    0.255910    -0.084950  2
    0.571911     0.752566  2
   -1.705160     0.424527  2
   -0.681228     1.108580  2
    1.330892     0.593637  2
    0.373055    -0.107401  2
   -0.506336    -0.209064  2
    0.272108     1.270661  2
    1.790279     0.968710  2
   -1.066041    -0.375160  2
   -0.348325     0.657627  2
   -0.310371     0.529698  2
   -0.505904    -0.892225  2
    0.154325     1.353467  2
   -0.235667     0.806764  2
   -1.123697    -0.417423  2
   -1.674857    -2.264149  2
   -0.220911    -0.491246  2
   -2.048411    -0.091566  2
    0.428955     0.787305  2
   -0.422998    -0.704690  2
    1.097967     0.746841  2
    1.078089    -0.050068  2
    0.038699    -0.222637  2
    1.626725     0.363014  2
   -0.423132    -0.278461  2
    0.584938     0.771730  2
    0.217547    -0.556522  2
    0.678831     0.092179  2
   -0.660874    -1.340615  2
    0.348125     0.770873  2
    1.399419     0.033278  2
   -0.722822     0.287880  2
    1.867403     2.291868  2
   -1.234880     0.738813  2
   -0.373477    -0.443286  2
    1.032391    -1.037473  2
   -0.654123    -0.149965  2
   -0.327703    -0.888341  2
    0.419592     0.425335  2
    0.465766     0.058195  2
   -0.630027     0.714581  2
   -0.560839    -0.312369  2
    0.076890    -1.359186  2
   -1.663064     0.734196  2
   -1.384739    -0.127802  2
   -0.631512     0.876056  2
   -0.365172    -2.208731  2
    0.153717     0.304204  2
    0.688448     0.713538  2
   -0.629859    -0.477044  2
    0.852366     0.310855  2
    0.154442     0.578560  2
   -0.404603    -2.523071  2
    0.057350    -0.308083  2
   -0.685547    -0.133199  2
    0.794752    -0.772714  2
    0.064691     0.576535  2
    0.594230     0.368404  2
   -0.381046     1.550668  2
   -0.498015    -0.601550  2
    0.379896     0.796956  2
    0.706454    -0.526886  2
   -0.052025     0.090480  2
    0.947636     1.798588  2
    1.103897    -0.993697  2
    0.315401    -1.331378  2
   -1.032901    -0.034189  2
    0.345137     0.202342  2
    0.692395     1.190944  2
   -0.300291     0.549069  2
    0.219149     1.684205  2
    0.278780    -0.971064  2
    0.583205    -1.522755  2
   -0.505239    -0.824487  2
    0.698352     1.966708  2
   -2.575769    -1.159665  2
   -0.138228     1.317358  2
    0.923579    -0.314528  2
    0.346354    -2.465840  2
   -1.497829    -0.925779  2
   -0.180457     0.098062  2
    0.399196     1.897274  2
   -0.039350     0.381748  2
    0.058447    -0.021749  2
    0.577936     1.408212  2
    0.476927    -0.431120  2
    0.032201    -1.121597  2
    0.372339    -0.662758  2
   -1.068395     0.947421  2
    0.184789     0.220332  2
    1.111934     0.156929  2
   -0.213487     0.390499  2
    0.281257    -0.789057  2
   -0.062724     1.373164  2
   -0.801586    -1.344513  2
    1.219478     1.135121  2
    0.908824     1.154561  2
   -1.208831    -0.028102  2
    0.385027    -0.249668  2
   -1.608086    -0.114101  2
    1.389836     1.426645  2
   -0.396579    -0.419679  2
    0.332872    -0.639321  2
   -1.998104    -0.829534  2
    0.455898     0.316485  2
   -0.045464    -0.021868  2
    0.403986    -0.339880  2
    0.566686    -2.330313  2
   -0.244681     1.035137  2
   -0.134347     0.404532  2
   -0.028398     0.791825  2
    1.429987     1.679840  2
    1.150407     1.516629  2
   -0.052363    -0.072819  2
   -0.358182    -1.883315  2
    1.254103     1.683039  2
    0.311149    -1.406841  2
   -2.049084    -1.319264  2
    1.651323     2.506478  2
    0.061128    -0.379288  2
   -0.274500     0.461905  2
    1.966395    -0.158804  2
   -0.522948     0.121162  2
    0.968261    -0.034392  2
   -1.588813    -1.220279  2
   -0.725272    -0.104015  2
    0.651838     0.146516  2
    1.007323     1.688862  2
    0.424187     0.091425  2
   -1.393418    -0.727076  2
   -0.243398     0.199627  2
   -0.576127     0.861997  2
   -0.076164    -0.703538  2
    0.087064     1.815281  2
    0.618994     0.042460  2
    1.471730     0.501077  2
   -1.985575    -0.868891  2
   -0.733029    -1.845786  2
   -0.212438    -0.569283  2
    0.113724     0.834386  2
   -0.463747    -0.608606  2
    0.681273     1.871817  2
    1.058411    -1.176789  2
    0.209003    -0.592405  2
    0.405649    -0.913627  2
   -1.784175    -1.408586  2
    0.733682     0.606345  2
    1.944744     0.721388  2
    0.005755     0.511385  2
   -1.601804     0.069062  2
    0.269403     0.413914  2
   -0.561752    -1.611309  2
   -0.692138    -0.969480  2
   -0.824703    -0.429779  2
    0.910384     1.641543  2
   -0.251007    -0.469158  2
    1.110387     0.926387  2
   -0.291973    -0.409794  2
   -0.161920     0.641464  2
   -1.171402    -0.704977  2
    1.052570     1.484524  2
    0.405059     0.920589  2
   -2.330753    -0.757002  2
   -0.081354     0.902706  2
   -0.550965    -0.046517  2
   -0.050148    -0.158190  2
    1.492655     0.419819  2
   -0.727306    -0.551625  2
    1.414568    -0.200657  2
   -2.030386    -0.269954  2
   -1.915725    -2.352572  2
    0.824248     1.615495  2
    1.294517     0.909999  2
   -1.495402    -0.213265  2
    0.904489     0.116072  2
   -1.511818    -0.752718  2
    1.409956     1.001311  2
    0.170310     0.137907  2
   -0.436760    -0.007956  2
   -0.619648     1.671798  2
    0.646076    -0.174296  2
    1.018467     0.845073  2
   -1.535481    -0.487741  2
   -1.244151     1.003535  2
    0.143253    -0.181239  2
   -0.109381    -1.837383  2
   -0.613336     0.658514  2
    0.653142    -0.599253  2
   -0.858904     0.032605  2
    1.161004     1.947964  2
   -0.290326     0.052070  2
    1.384870    -0.115273  2
    0.429305     0.641695  2
    0.666784     0.659176  2
    0.663657     2.856476  2
    0.372345     2.289215  2
   -0.434140    -0.558521  2
    0.493481     0.535991  2
   -0.066669    -0.861591  2
   -0.545217     0.605368  2
   -1.280676     0.227844  2
    1.048601     0.550211  2
   -0.227881     2.869747  2
   -1.168507    -2.118940  2
   -0.769437     0.746027  2
   -0.183340     0.386501  2
   -0.484407     0.903722  2
    0.094411    -1.137943  2
   -0.513062    -2.117142  2
   -1.873049    -0.574342  2
    0.845568     0.193744  2
    0.164845     0.604873  2
    0.949194     0.162046  2
   -0.164621     0.797682  2
    1.071937     2.440951  2
    0.785380     2.051327  2
    0.720723    -0.688476  2
    1.313811     0.603010  2
    0.144598     0.509222  2
    0.302768     0.386287  2
   -0.360161    -0.193337  2
   -0.892197    -1.216208  2
   -0.204888     0.533575  2
   -0.887725    -0.260751  2
    0.578029     0.284297  2
    0.052729    -0.023817  2
   -0.144604     0.284594  2
    0.318926     0.745025  2
    1.150145     0.498431  2
   -0.531713    -1.023204  2
   -0.193484    -1.664334  2
   -0.914267    -0.864363  2
   -0.084121     0.366747  2
    0.151854     0.459922  2
   -2.164074    -2.218919  2
    1.066293     1.921648  2
    0.802872     0.654143  2
   -2.368677     0.091892  2
    0.500848     2.968646  2
   -0.242627     0.598545  2
   -0.399453    -0.043762  2
   -0.072962    -0.445466  2
    0.175101     0.637965  2
   -1.456287    -1.612354  2
   -1.399025    -0.670639  2
    1.429751     2.051677  2
    1.192948     0.618163  2
   -0.266006     0.061609  2
   -0.726012     0.012582  2
   -0.739371    -0.920255  2
    0.026646    -1.601564  2
   -0.184522    -2.061738  2
    0.082065     0.562192  2
    1.487826     0.258180  2
    0.330264     1.019553  2
    0.306174    -0.349544  2
    0.002532     0.263732  2
    0.500689    -1.136761  2
    0.611161     0.707853  2
    2.276221     1.740861  2
   -0.567016    -0.841890  2
    0.430114     0.611963  2
    0.189748    -0.275808  2
   -2.570922    -2.753348  2
   -1.176470     0.432461  2
    0.431778    -0.041006  2
   -0.333702    -0.042490  2
    0.617666     0.244137  2
   -0.908780     0.573135  2
   -0.065333     0.551426  2
   -1.475855    -0.141439  2
   -0.032655     0.370929  2
   -0.416767    -0.332018  2
   -0.265491    -0.435029  2
