   -0.534766     1.001195     1.182316     1.266815
   -3.686517     1.386558     2.476603     4.276015
    2.602544     4.888093     4.359035     5.322375
    1.581126     3.637724     5.862161     7.291314
    2.283234     1.564910     2.177517     4.290817
    0.131334     0.199683     0.433822     1.319816
    0.275520     0.249567    -0.523063     0.448103
   -3.069571    -1.474082    -0.791820    -0.589584
    0.931983     0.955335     4.076949     4.590656
    2.109855     1.096762     1.016069     3.321149
    0.226311     4.425000     2.128855     4.002148
    1.887240     1.473809     2.990077     2.512486
   -0.624744     0.285203     3.466132     3.279077
    1.601515     2.845952     3.463252     4.147678
   -1.258135     0.508927     0.955260     1.974537
    1.610424     1.993093     2.231637     3.544553
    2.242721     3.821368     2.486455     7.824814
    2.376949     0.776157     1.934771     4.043190
    1.629417     0.204357     0.964052     2.003636
    1.026303     0.770979     1.665181     1.816163
    0.324043     1.216687     0.200575     0.893934
   -1.132157     0.065359     1.240627     5.230796
   -1.058361    -1.700471     0.158629     1.417403
   -0.874748     0.696236    -0.151927     0.855475
   -1.647729    -0.322141     3.352963     4.040789
    0.677776     1.456125     3.948307     3.871463
    1.924947     3.622856     1.951329     3.387565
    1.341690     1.973230     2.063494     2.205752
   -1.389173     1.066405     1.956591     2.872036
    2.252826     3.086459     4.737323     8.431006
   -3.258463     0.168031     2.905705     2.839285
    0.466174     2.005703     1.532009     2.824089
   -0.512358    -0.644810     0.007607     2.334055
    1.996562     4.255373     3.803912     4.915837
    1.251138     2.416589     3.246013     4.014137
   -2.319854    -0.157862    -0.672122     0.480030
    2.314986     2.556058     2.481154     3.506085
   -0.160959     2.708763     2.972807     3.903057
    0.948521     0.493285     4.170612     4.822454
   -2.279137     0.742448     1.022601     0.915312
   -0.568920     1.722421     3.559228     5.499347
   -1.812414    -2.119223     0.391649     0.828908
    0.609210     1.068800     2.915588     4.739155
   -0.268302     2.130875    -0.596218     2.504329
    0.716794     0.063542     2.478607     1.738882
    2.471303     3.166210     4.127170     4.144165
    0.725769     1.364373     3.826958     2.886738
   -0.849620     1.186257     3.793891     4.589947
    1.281765     1.378015     2.054874     2.825747
   -2.800249    -3.379142    -3.212763     1.203754
   -2.173309    -1.179921    -1.308182    -2.817288
    1.110982     2.340559     1.924739     0.943300
    3.069409     3.222572     4.467704     5.386391
   -1.911079    -1.099140     0.744883     2.502080
    1.499201     2.911527     2.672253     1.717374
   -0.906253     0.634226     1.694514     4.066924
   -0.932645    -0.118659     3.236959     5.847897
   -0.736470    -0.341900    -0.714053     0.312434
    1.084750     2.815037     3.135802     6.329218
    0.259151    -0.345983     0.928382     2.301395
   -0.776927     0.464224     2.887713     3.975983
   -0.479660     0.332293     1.747862     3.408156
    1.351554     2.271807     3.914896     4.052318
    0.379162     1.295906     3.701187     5.152377
    2.570260     2.929492     4.168519     5.304925
    1.136426     1.597975     0.942473     3.992867
   -0.715173     0.370415     5.209818     4.757737
   -1.066372    -0.552752     1.163639     3.362406
    0.613737     1.861998     4.851499     6.284482
   -1.057515     0.880870     0.509127     1.046007
   -0.291317    -0.493753     2.603645     2.925711
   -1.971017     1.018114     0.410734     0.520558
    0.255250     0.308754    -0.037298     1.220775
   -0.723470    -0.043160    -1.832166    -1.291804
    1.851881     1.157513     1.651331     3.228028
    1.526996     3.530223     3.557937     3.998788
    1.746032     1.938999     4.621569     6.250280
    1.839816     0.719177     2.579723     3.496393
    0.517789     2.598304     4.185177     4.426078
   -1.566097     0.669904     0.895890     4.059528
   -2.674830     1.981124     3.798279     3.596412
    0.689788     0.574477     1.400647     5.128998
   -0.029220     1.799464     1.928804     1.022012
   -0.392291     0.844085     0.935517     2.725733
    1.536736     3.336278     4.818216     4.554091
   -0.301099     0.298240     3.396581     4.359379
    1.548081     3.631623     2.624792     6.071581
   -1.512265    -1.000672     0.488068     1.396738
    0.589170     3.476267     4.872579     6.510361
   -0.606259     1.374556     4.118364     2.519111
   -2.009938    -0.276819    -1.049095     1.083027
    1.747545     0.597912     2.774927     4.515242
   -2.410905     0.664947     1.404823     2.480065
   -2.148416     0.564792     1.097504     0.951313
    0.261668     1.814717     0.283253    -0.702987
    1.772719     4.047180     4.379941     4.506284
   -1.131508     1.781235     0.681454     2.097750
   -0.360739     1.814663     1.344074     1.279632
   -0.349758    -1.212942    -0.703929     2.314555
    0.279855    -1.235207     1.051752     1.913459
   -0.289628     2.455760     2.677561     4.055085
   -2.126744    -1.621246    -1.002161    -1.837606
    0.740631     1.816711     2.910998     4.701384
   -1.170307     0.329121     2.081858     3.306459
    0.469887     1.110813     1.455155     3.359782
   -2.585644    -1.737103    -1.297437     0.964232
   -0.295678     0.855257     1.600872     4.873255
    0.013501    -0.428673     0.490283     2.812067
   -1.146948    -1.294832    -0.248288     2.069492
   -0.339028    -1.022936     0.013871     0.012919
   -1.053175     1.219711     1.862986     2.153134
    2.266471     4.561668     5.528025     5.380213
   -1.161323    -1.099545    -0.000333     2.103267
    2.253065     4.844636     8.139983     8.261361
    2.411268     0.997138     0.866688    -0.227406
   -2.541679     0.450435    -0.124436     2.293646
   -2.149121     0.044092     1.976534     4.407907
   -0.560060     0.804982     0.357853     0.539261
   -0.998372     1.090443     3.629995     4.921747
   -1.842332     0.197237     0.685263     0.148770
    2.165462     1.735450     4.319954     4.154103
    0.570760     1.162387     3.186203     5.183843
   -3.672055    -1.168635     0.589787     2.739218
   -0.163008    -0.960629     3.196864     3.099974
    1.472511     3.592875     3.019441     4.549871
    0.439807     0.874518     4.340081     4.527499
   -2.077453    -1.800408    -0.435235     2.865746
    0.824147     0.847016     1.534758     2.855576
   -0.871278     2.076221     3.309176     3.388047
    1.561283     0.423782     0.810209     4.315309
   -0.921384    -0.182801     0.476080     2.714376
    0.086061     0.696517     0.809336     0.787708
   -1.284781     0.742508     1.234733     1.913877
    0.390068     0.805238     3.359537     4.420610
   -1.272992    -0.162200     1.944320     1.245363
   -1.233578     1.972630     2.041777     3.336997
    1.064919     2.395503     4.654210     5.329206
    2.383418     1.862841     1.149169     2.333718
   -2.072475     0.671648     0.947139     1.016655
   -1.543422    -1.424197     0.282432     2.048505
    0.356482     1.613280     3.257187     2.154883
    1.695690     2.181884     3.907116     4.707561
    1.269455     1.531066     2.140933     2.618188
   -2.597343    -0.777171     0.111243    -0.456341
    0.032095     0.190723     0.799280     3.780033
   -0.174843     1.723451     4.293875     4.900449
    0.132087     0.912960     1.835324     4.396265
    0.609915     2.058267     1.995432     3.242090
   -0.717659     0.854277     1.785375     0.643658
   -0.240813     1.652904    -1.849002     1.671690
    0.062340     1.265440     3.303170     5.188370
    1.864057     3.549291     2.723776     2.997922
   -0.778860     1.407852     0.716124     3.546241
   -0.649448    -1.135314     0.034186     0.260787
    1.355006     1.590270     4.685931     4.227028
   -1.289472    -0.291362     0.285190     0.558845
   -1.839532     0.142159     0.641951     0.892624
   -1.198182    -0.332310     0.072923     1.201751
   -1.522595     1.645330     2.321298     4.464575
    0.082980     0.355002     0.458169     1.952812
    0.224942     0.787611    -0.590088    -0.387661
    1.350237     2.150337     3.906423     3.017345
    0.333719     1.284596     1.798330     4.177390
   -1.577898    -1.034500     1.610175     2.819117
   -0.195721     0.961408     2.091257     1.017600
   -0.205445     0.567379     1.319791     1.911371
    0.188233     0.460235     1.451435     1.130129
    0.220834     0.850894     2.945872     4.688862
    0.524233     2.546465     3.749408     3.628577
    1.731128     1.602407     3.224885     2.530780
    2.036450     5.853662     4.838216     4.593607
    0.099489     3.176546     4.136763     4.392937
    0.747660     1.041578     2.854211     4.742118
    0.153166     1.963537     1.746558     1.663921
    1.610643     2.020449     4.208320     4.325536
    1.167641     2.959131     4.147227     5.013137
    0.559384     0.667201    -0.766345     1.048193
   -0.400255     0.789422     0.910700     0.251774
    0.228173     2.024693     2.374629     3.952159
   -1.312414     0.170340     1.158231     3.544300
   -1.230551     0.647582     2.478210     0.391832
   -0.918329     1.445411     0.508983     2.333686
    1.445975     1.406928     3.604551     5.339202
    0.030562     1.794017     2.880626     5.816066
   -0.376403     0.799811     0.432885     1.077569
   -0.890464    -0.091772     0.258907     1.277811
    0.285217     0.428274     1.311966     3.192093
   -0.015072     2.820315     3.647047     5.265607
    0.416321    -1.698104    -0.689325    -0.897266
   -1.684485    -2.591265     0.041371     1.372920
    0.805210     1.365373     1.400014     2.554274
    0.279169     1.590539     1.610957     1.044600
   -1.671911     0.570477     3.363179     6.018069
   -0.924048    -1.125974    -0.115749     0.267878
   -0.616283     0.458140     1.141775     3.085166
    0.367540     2.590827     3.108020     4.345346
   -2.673920     1.017223     3.210886     2.216493
    0.355884    -0.333250     0.648100     2.205600
   -0.019861     0.869417     2.253069     5.259654
   -1.939223    -0.799642    -1.392405     0.302228
   -2.164719    -1.585162    -0.865924     0.133124
   -1.256385     0.641407     1.426996     2.432475
   -0.828842     1.048676     2.057724     1.533142
    0.851769     0.901782     1.730281     3.777292
    1.223874     3.305910     3.013597     3.428309
   -0.063890     0.765977     2.207671     2.190302
    1.884714     2.812401     3.168707     7.889465
    1.177618     1.371696     3.107630     3.828395
    0.381401     2.995374     1.553933     5.369416
    0.157419     3.539424     4.164633     4.971975
    1.233262     2.417256     4.210558     5.287684
   -3.058026    -2.298040    -2.215581     0.194474
   -0.504588    -1.422119    -0.030762     1.647853
    0.806914     2.675527     2.328897     5.149640
    1.059947     2.213368     4.400323     2.822858
    2.674179     3.642540     2.338265     2.373760
   -1.092887    -1.860708     0.189186     2.752510
    0.731892     0.628558     2.060955     3.026365
    0.213293    -0.421808    -0.704336     0.076076
   -0.928073     1.341789     2.366572     4.064615
    0.158090     0.447767     1.102437     3.135862
    0.542565     2.659520     4.251725     5.735688
   -0.883400     2.370446     5.087197     4.873874
    0.762886     3.200615     1.755492     2.483940
   -2.152073    -0.203114     3.590275     3.652259
    2.124375     0.861180     2.186427     2.893626
    0.115135     1.397189     1.782790     2.949535
   -1.255097     1.161801     2.489735     4.413654
    0.287141     1.507158     4.697429     4.397755
   -0.613781     0.693396     0.967306     0.381953
    2.325799     1.565662     3.565935     4.080207
   -0.625893     2.090796     2.908021     3.777126
    0.694548     2.876123     2.820992     5.361701
    0.590686     0.590010     2.528698     2.737758
    2.487057     3.401519     3.565972     3.723871
   -0.252017     1.413509     2.644544     3.024423
   -3.306162    -1.413404     0.894819     2.530374
   -0.088556     0.994569     1.786556     3.841889
    2.562392     0.731921     0.937393     1.293604
   -0.110072     2.571577     3.017490     5.384549
   -1.133831     0.263772     1.097766     0.998604
    0.212393     2.253424     3.928123     1.802606
    0.041758     2.657404     2.727086     3.751116
    1.475990     2.408497     3.021722     1.764778
    0.589968     1.887667     2.783075     4.687116
   -1.062577    -0.029576     2.302028     2.432737
    0.981374     1.660600     2.175146     2.864129
    0.881397    -0.927301     0.434316     0.973360
   -1.007537    -1.063598    -2.070588    -2.064034
   -0.247695    -1.615258    -0.461171    -0.927099
   -0.215706    -1.053102     0.427089     1.014782
   -0.133843     1.417545     4.019126     7.081816
    0.546014     0.684813     2.964919     3.080849
   -1.478381     1.339112     2.808059     3.994720
   -0.356804    -0.695435     0.661117     0.387957
   -0.059368     2.936269     3.073236     6.774032
    0.207259     1.998441     4.642746     4.757149
    1.807858     2.567838     5.033757     5.867341
    0.701070     2.523662     3.559133     3.977243
    0.488068     1.752071     1.727085     2.079777
   -3.003267    -0.973799     0.155475    -0.559720
   -1.821327     0.577012     3.527574     2.600563
   -0.881873    -0.331247    -1.987295    -0.276150
    0.798852     1.157949     3.489405     5.223156
    1.642708     1.254722     2.329529     4.393192
   -2.207839    -2.551973     0.237899     0.585906
   -2.765289    -1.437257    -0.411785     0.762555
    0.764951     3.357299     5.425306     6.699035
    2.231942     3.955880     4.792601     6.369360
   -1.035835    -0.758146     1.335017     2.676123
    0.492421     1.212653     3.425000     5.066390
    1.780610     2.946327     5.834825     8.346658
   -2.060923    -0.877207    -2.101148    -3.039977
   -0.280548     1.128377     2.770771     5.667530
   -2.871273    -1.317564    -0.927683    -0.303095
    2.104460     2.947013     4.089163     4.524069
    0.562623     1.784965     1.340612     2.055549
   -0.064171     1.244181     1.845123     2.268072
   -1.050258     0.912557     2.831748     3.728692
   -0.419260     1.113753     1.155027     3.174981
    1.344120     2.276932     2.159503     2.463272
   -1.013757     0.783511     2.143211     1.101830
   -1.308980     0.240975     0.112804     0.090101
   -0.776697    -0.248738     0.553485     2.671321
    0.111148     0.337160     1.971910     5.316003
    3.576727     3.153236     4.607150     5.103286
    1.843668     3.442011     5.621217     6.469769
    0.506178     2.543849     3.654817     5.446653
   -0.620839     2.559089     3.285074     2.524183
    0.009196     0.651126     1.151140     1.949955
    0.724629     0.482050     2.631899     5.635450
    0.339091    -0.088523    -0.252055     2.256326
    0.687817     3.041458     5.744579     6.400679
   -0.707710     0.526293     1.269782     1.822588
    2.207206     1.326407     1.602120     3.178697
   -0.648932    -1.555077     2.846207     5.344381
    1.293795     0.102174     1.044347     1.974376
    1.060055     2.413924     1.545460     4.689741
    0.729654     0.711986     3.277205     5.177929
    1.214021    -1.634677     2.514184     4.379867
    0.616062     2.618466     4.284087     5.947930
   -2.968024    -1.848775     1.277255     3.380957
    0.161413    -0.261287     2.744995     4.913051
   -2.938781    -1.924305     0.697271    -1.037329
   -1.205984     0.932504     0.566312     1.528869
   -0.937752     1.896754     2.872025     2.106558
   -0.928425     1.212110     3.749782     4.506374
   -2.112900    -1.182939    -1.035561    -1.427844
   -0.219073    -1.003911    -1.117974     0.648177
   -2.533178     0.721783     1.994175     6.231947
    0.675428     0.740987    -0.063520     1.879340
    0.253265     2.812725     3.253431     5.174259
   -0.306539     1.829859     4.086902     4.578702
   -2.212813     0.747648     2.806294     5.144801
    1.310484     1.454315    -0.218523     1.669089
    0.361294     1.501401     0.377450     2.081362
    0.738213     1.154598     1.376890     3.863656
   -0.362192     0.747557     1.745754     2.466214
   -1.407999     1.065221     2.583773     0.345092
    1.905043     3.911370     3.535414     3.697786
   -0.427892     1.285311     1.441784     4.230131
   -1.645543     0.364269     4.196761     1.449005
    0.549389     1.224867     1.441049     2.394226
    1.147676     1.963164     4.563261     6.555101
    2.118225     3.187085     4.567863     4.127445
    1.561467     3.772329     3.798463     4.055691
    1.840700     2.766580     3.592996     3.421072
    2.821242     2.912896     2.037234     4.502888
   -1.475202    -0.092191     0.662516    -1.046851
    1.267951     1.181539     3.569716     3.174158
    0.317494     1.416311     1.704621     1.954767
    0.714185     1.190828    -0.883416    -0.457364
   -0.328180     0.225803     1.372093    -0.118515
    0.071918     1.846648     3.544660     4.836164
    0.902868     1.209694     2.706040     4.360606
   -1.024773     0.343734     0.723258     0.693236
   -0.973676    -0.425290    -2.149824    -1.145379
   -0.201238     0.781254     2.912351     4.236163
    0.163323     2.058006     6.133674     7.494523
   -0.456793     0.855479     1.444922     2.604308
    2.354746     2.925434     4.153964     3.264333
   -0.917786     0.047259     1.937840     3.915519
   -1.706087     0.881462     1.853747     1.718279
   -0.071778     0.413099     0.653045     1.449559
    1.409228     3.260510     3.690573     4.777445
   -0.982634     2.305950     4.177682     4.393223
    0.337042     0.069750     1.476430     3.125586
   -0.750956    -0.732402     0.478345     0.711993
   -0.449236     1.487657     1.284419     3.028109
    0.148375     0.186759     2.543299     3.999475
    0.259911     0.875464     0.946740     2.678643
   -0.449596     0.210980    -0.931619     0.470603
    0.866874     2.320590     1.526662     2.361860
    1.913697     1.724519     1.099222     0.155155
    0.219928     3.497069     4.541764     5.494766
   -0.302666    -0.257733    -0.304933     2.400748
    1.747216     3.201521     4.903430     4.849561
   -0.773361    -1.900266     0.525138     0.048379
   -0.173073     2.094842     2.229874     3.186735
   -0.008861    -0.184533     0.335957     1.980550
   -0.294820     0.137582     1.204454     3.432286
    0.091299     2.955393     6.523981     4.581123
    0.138361     0.761469     1.157191     1.239242
   -1.131096     2.004038     4.615888     5.563968
    1.932464     1.872876     1.555449     0.024717
    1.253042     2.820069     4.457014     4.918549
    1.381131     1.245980     1.075407    -0.194377
    0.034183     2.015390     3.439861     7.342295
    3.131394     3.637325     6.035366     7.696144
    0.976518     1.379322     1.944299     2.687701
    2.342317     1.495428     2.269959     2.625735
   -0.178813     0.687590     1.052617     3.809064
   -0.136477     1.198304     1.169354     4.614850
   -0.685591     0.157311     2.305044     2.172653
    1.041590     0.820329     4.491164     4.747292
    0.800946     0.901946     1.848388     2.130580
    2.292561     2.962142     4.537571     6.245873
   -2.011908    -0.311953    -1.081869     2.072748
    0.674621     2.480916     4.032469     3.822051
   -0.493723     1.739174     3.397069     3.093809
    0.051834     1.121868     3.910249     6.748905
   -1.335089     0.267024     0.631734    -1.592657
   -0.043763     2.390870     4.647756     7.026401
    1.859187     1.193493     1.197835     1.871874
   -1.235989    -0.436103     1.654127     3.384859
    0.782357     0.353875     0.827703     1.793542
   -0.731535     1.189403     0.778604     2.953912
   -3.262218    -1.109412     1.747510     4.807702
   -1.357667    -0.686948     0.555064     2.115778
   -0.146033     0.118494     1.836551     2.926848
    1.686358     4.814278     3.291243     5.333768
    1.235482     3.947835     4.309311     3.679918
    1.018388     1.628546     1.175092     2.742904
   -1.772940    -0.868163     0.356514     2.664386
   -0.044945     1.729192     3.594655     5.177302
    1.456111     2.080356     2.153415     2.378437
    1.211511     0.338448     0.854875     2.519067
    1.231887     2.485917     3.672337     4.531428
    0.531775     4.518450     4.218056     4.431186
   -0.954561    -0.100046     0.323473     2.328011
   -1.623135    -1.994188    -0.643356    -1.452506
   -1.824054     1.027342     1.031971     2.387604
   -0.580426    -0.818471    -0.921794     1.790403
    1.596200     0.855049     2.815526     3.548584
    0.268179     2.788575     3.578267     4.777779
    0.645719     0.476529     2.117449     3.381046
    0.232196     0.132593     3.837829     4.457064
    0.912650    -1.577250    -1.754999    -2.078017
    0.747363     2.192713     3.204937     4.112051
    1.728127     3.589438     4.917097     6.411450
    0.913861     3.195854     2.622005     7.137887
   -1.663801     0.572108    -0.069707     0.661538
   -1.064593     0.299741    -0.212614     3.378084
    1.621845     2.917746     4.207301     5.567143
   -3.457215    -1.334820     2.655726     5.356941
   -0.750561     3.955625     4.165851     5.063783
   -0.134432     0.149724     3.397877     4.903781
    0.149526     1.040156     1.431175     1.760438
   -2.990600    -2.783594    -0.442105     0.493060
   -0.660203     0.456714     1.817135     3.866652
    1.747252     2.124768     3.889980     6.825079
    1.337087     1.570771     3.013879     6.168320
   -2.313390    -1.302488     0.639650     0.923714
   -0.852039     0.240833     3.217148     5.769198
   -3.501203    -1.395325     0.708185     1.759463
   -1.600575     0.294730     2.917714     4.486597
   -1.399179    -2.111948    -0.501560     0.847957
   -0.916738    -0.509638     0.480112     1.267948
    0.424020     1.185741     0.960357     2.476141
    0.747282     1.559761     1.962579     3.463357
    0.518992     2.856523     3.815079     4.051642
    1.733238     2.269001     3.567594     3.876008
   -1.487975    -1.018518     1.905019     0.866175
    0.929477    -0.208054    -0.584052    -0.107061
    0.907416     1.372959     2.052654     3.298051
    0.373386     1.169205     1.323299     2.115104
   -1.263693    -0.927290     0.727105     3.303835
   -0.303532    -1.347862    -0.180340     2.745475
   -1.474186     1.461121     2.758243     4.091533
   -1.352715     0.374001     0.322540    -0.323627
   -0.056205     2.668816     4.523688     3.352958
    1.457753     4.037806     5.358345     7.112110
   -0.065935     1.676205     1.832085     3.243344
    1.871349     1.638284     2.226779     1.546013
   -0.448845     0.406516     2.050473     4.016147
    1.967165     2.979863     3.585773     5.571026
    3.153804     2.675097     4.318521     4.923801
    0.798008     1.504996     3.147188     3.130513
   -0.069547     0.762532     2.344861     6.396269
   -0.483887     2.819707     2.757070     2.484147
   -0.072599     1.796885     2.811532     3.290643
    0.690815     1.221417     2.417936     3.187588
    0.115515     1.020556     0.864363     2.778667
   -1.816380     2.728486     2.171639     1.643152
    0.722731     1.381574     2.457895     1.605547
   -1.643348     1.474877     4.232709     5.897604
   -0.347907     0.410804    -0.998713     0.348111
    1.072384     0.613590     2.317363     2.893651
   -0.670297    -1.052475     1.765006     1.123487
    0.925509     2.914798     2.687195     4.901609
   -1.483996     0.967180     2.478635     3.505558
   -0.652117     0.071541     1.861400     2.734284
    2.280930     2.481967     1.410458     3.615607
   -0.561514    -0.825173    -0.642616    -1.061562
    0.314519    -1.538607     1.018983     2.537562
    2.021209     2.062549     2.908636     5.148072
   -0.825949    -0.845001     0.571596     2.788784
    0.185648     3.592814     3.080103     4.390105
   -0.613744    -4.043162    -1.350127    -1.968639
   -0.624894     0.921763     1.416003     2.380858
   -1.312243     0.569619     1.405447     1.753311
   -1.548369     0.155883     0.384510     2.771497
   -0.549561     0.806919     1.638857     3.170526
    1.320702     2.260185     1.830575     4.574821
    1.374051     1.908079     4.038613     3.350634
   -0.431556     1.382253     3.952929     3.638245
    2.705051     2.043690     3.363997     8.078658
    1.613853     3.806722     6.171949     7.434894
   -1.367375    -2.039889    -1.763495    -0.631374
    2.006837     2.667985     4.274418     4.666397
   -0.973411    -1.474104    -0.380557    -0.753605
   -2.976409    -0.297690     1.638146     4.952807
   -1.256166    -0.820468     1.475009     1.408188
    1.408718     1.428283     2.039773     2.683515
   -0.480074    -0.569404     0.116937     0.200160
    1.077425     1.520340     3.123801     2.959951
   -1.611165     1.111923     4.777051     5.719004
   -2.680376    -0.086380     2.051571     3.084804
    0.954075     2.263883     3.969816     7.799209
    1.543329     4.058557     5.325874     7.448947
   -1.054752     1.967122     3.817301     3.233574
    0.295694     1.616641     2.408830     5.049610
    2.495005     1.586586     1.171344     1.728287
    1.012107     1.302041     0.479542     1.577375
    2.389067     2.495513     4.688392     4.791206
   -1.559610     0.629175     0.586107     1.377133
   -0.715971     0.363176     1.654392     2.211283
   -0.721538     0.961590     0.457525     0.695174
    2.093062     1.700999     1.466802     2.742247
   -0.170600     1.600713     4.898675     4.613118
   -0.131101    -0.005140     0.508662     1.078343
   -0.198863     1.204240     3.286783     4.812465
    0.465284     3.232530     4.504904     6.084154
    0.553650     0.905797     1.655085     1.102415
   -0.115273    -0.808073     0.792330     1.109911
   -1.847703     0.789744     1.174883     3.575017
   -0.505534     1.684718     2.195444     4.831832
    2.056794     3.888046     5.256780     5.449235
   -0.383436    -0.364358     1.894479     2.505266
    2.106416     4.766866     3.834355     3.346094
   -2.194993    -1.116054     1.790311     1.407756
    0.124155    -0.950115     0.521843     1.347507
   -1.770775     0.411795     0.178135     0.819201
    2.403791     1.935387     2.303129     3.696977
    3.080358     2.810485     4.592165     4.475164
   -2.440486    -0.251162     0.874817     2.851631
   -1.331586    -0.963665     0.640110     2.484182
    2.203658     2.682395     2.146320     4.140624
    0.548187    -1.495431     1.497845     3.472949
   -0.692262     0.167656     1.055987     3.804014
    1.914234     3.435268     3.472864     6.101488
   -0.588170     1.756811     1.545912     0.902467
   -1.216069    -0.529659    -0.061077     0.996911
    1.996124     1.232729     4.158370     3.568699
    0.058519     3.736141     3.897569     4.963745
   -0.244726    -0.109495    -0.277113    -0.584213
   -1.581976    -0.260693     2.180204     3.987632
    0.212815     0.557012     0.763311     2.157217
    1.972441     3.479931     5.933519     4.966118
   -0.340819    -0.608708     2.594939     2.539760
    2.081461     1.811343     1.333670     0.627243
   -0.986375    -0.203924     0.617036     1.873253
    2.147567     0.521450     1.109773     1.522147
   -0.237141     0.639900     5.058553     3.867121
   -1.453988     0.263226     0.282115     1.408869
    0.725611     3.939314     6.013189     6.052342
    3.081579     3.198750     5.489587     6.614828
    1.573453     0.376484     0.498247     0.795552
   -0.962864     2.408455     3.672253     6.140581
   -0.109724    -1.327407    -0.737362     2.201044
    0.074209    -0.059164     1.709447    -0.345988
   -0.141119     1.391075     2.655128     3.474046
    2.335373     1.362742     2.050995     1.171266
   -1.706071     1.597975     2.345710     4.321900
   -0.544576     3.817529     5.090587     5.369674
   -0.867491     0.247235     2.102970     1.366815
    2.412633     2.412074     2.145258     2.412436
   -0.950756    -0.430352     2.223871     3.562890
   -0.097472     2.119530     4.016459     4.212752
    1.578091     3.374178     1.724873     2.341852
    0.102724     2.547600     3.091567     5.109617
   -0.625728    -0.095329     1.244257     1.884887
   -0.910953    -2.758517    -0.650933     0.212113
    0.103172     1.655123     4.356382     5.825894
   -0.572852     0.888802     3.170172     1.838071
   -2.601494     0.625045    -0.107708     1.741988
    2.411865     2.050344     1.252240     3.325112
    1.135312     2.797072     3.047302     4.267253
   -0.204998     0.938558     0.969203     0.962989
    3.291087     4.363554     4.878281     6.990006
    0.237255     1.347200    -0.471247     0.050509
   -1.408407    -0.689214     1.190128     2.299831
    0.446237    -0.122278    -1.619502     1.512471
   -0.410073     3.366244     2.526288     4.732826
   -1.891323    -0.558734     0.576261     1.472325
    0.851376     3.022441     1.807960     2.995742
    0.960946    -0.569280    -0.488141     0.435273
    1.921546     0.428450     0.022307     2.631114
    0.410885     0.757694     2.313483     1.982759
    1.597740     0.324411     1.703512     0.579941
    0.202647     1.548398     2.653579     3.168130
    0.741716    -0.550385     1.566065     3.181949
    1.000759     2.635010     1.369226     0.963486
    0.017022     0.487108     1.720851     4.687657
    0.318613     0.220030    -0.361040     1.639813
   -1.953265    -0.447681     0.700415     2.376756
   -0.765554     0.520527     2.602828     3.590459
   -0.214062     1.367515     1.206484     3.093669
   -0.565072     1.030252     1.257842     3.154119
   -0.130312    -1.030480     1.489112     4.592351
   -1.555783    -1.854084     2.389294     2.724788
   -2.195420     0.078413     0.470131     2.809598
   -1.042053    -1.473676     0.318486     0.746112
    3.140840     3.354322     5.501668     8.007733
    0.900701     1.478836     2.038335     3.621700
    0.466471     0.762411     1.803852     1.875193
    0.237753     0.641698     3.149738     3.758334
   -1.599637    -0.704004     0.832027     5.355779
   -2.269873     1.214328     2.650762     3.355169
   -2.187557     0.139768     1.018499     3.331920
    0.830899     1.155248     1.678034     2.357393
    0.521562     1.514438     3.503639     4.142375
   -0.522689    -0.016208    -1.186260     1.051815
   -1.318599    -0.669044     1.333325     2.748281
    1.261994     3.634254     4.199525     4.979340
   -1.106442    -1.683243    -0.334733     1.432025
   -1.330639     1.484749     1.433925     4.424863
   -1.220185     2.492303     0.974904     1.118725
   -0.697309    -0.060259    -0.648640    -0.718531
   -2.909590    -0.612889    -0.271303     0.541319
   -0.219040     3.225084     4.757907     3.708112
    0.631562     0.585953     1.199573     3.903308
    0.123861     1.427366     1.674805     3.433495
   -0.470862     0.019110     2.422380     2.835996
   -0.337809     0.952944     2.099332     3.411516
   -0.120588     1.231549    -0.160181     1.501403
   -1.468838    -0.588474     4.416202     5.737836
   -2.137806    -1.295149    -1.097679     0.608712
    0.284220     1.068668     1.365693     2.381959
    0.022938     2.295856     1.512418     2.209391
    1.412707     2.684596     3.466820     4.500039
    0.156176     2.745141     2.424301     6.784136
    0.086024    -0.293293     0.201640     3.260209
   -0.621093     1.171151     1.411795     2.776762
    1.378831     4.151398     1.146623     2.826928
   -0.418194     0.176518     0.884508     1.147077
    1.161058     1.555182     2.198066     4.172003
   -1.682467    -0.371766     1.069699     2.593691
    0.002464    -0.260153    -0.300422    -0.282114
    0.082021     1.226348     0.930204     3.544729
    1.554847     0.741313     1.195595     3.985019
    0.588484     0.389416    -0.208895    -0.131865
    0.110799    -0.000281     0.986304     0.566251
    0.294718    -0.200497     2.991225     4.433570
   -2.336435    -1.469843     1.130072    -0.404147
   -3.264850    -0.690918     1.096949     2.383952
    0.167067     0.979188     1.967196     1.992201
   -0.394790     0.679131     1.155188     2.261489
   -1.510709     0.166763     0.190765    -0.228403
    0.228202    -0.494529    -0.412331     1.691617
   -1.049959    -0.545007     2.982908     3.790001
    0.183064     0.104301    -0.660493     0.812091
   -0.610417     1.478770     4.632442     2.960848
   -0.726553     1.067290     1.184417     3.135881
   -0.404989     0.473437     1.456593     4.162201
    2.463036     4.086655     2.829243     3.310070
   -0.202228     0.353914     2.081497     2.434921
   -1.161690     0.751576     2.628011     3.373873
   -1.689345     1.341891     1.122626     4.077869
   -1.114435     1.230728     3.807478     4.960735
    0.464740     1.199177     2.826054     5.070594
   -0.494387    -0.204095     0.645036     0.960211
   -1.051339     0.997681     2.996726     6.121967
   -0.505137     1.962133     3.057477     3.383388
   -1.444422    -2.572966     0.870887     2.176853
   -2.737789    -1.005453     1.805364     2.457461
    1.871102     2.850411     4.281705     3.961980
    2.197513     2.557821     4.326364     8.016957
    1.782026     1.475513     3.017257     2.880776
   -1.508255     1.806858     4.650044     3.213669
    2.151126     3.527112     3.846329     6.007369
    1.311754     2.449184     4.369007     7.768914
   -0.745196     0.459436     2.513942     3.545687
   -1.074002    -0.519114     0.764565     1.374159
   -2.279704     1.462796     2.019226     2.829323
   -2.913268    -1.806428    -0.757803     0.008583
   -1.264396     0.389725     2.466535     6.161149
    1.233041     1.837125     5.019754     5.611076
   -2.278584    -0.647217     1.883751     2.592346
    0.773343     0.370963     1.035113     5.131378
    0.227427     0.185003     1.451902     1.864039
   -0.587526    -0.429721     2.887370     4.254852
    3.383778     2.256667     2.277231     4.064230
    0.819775     1.827917     2.950891     3.250915
   -0.993263     0.472483     1.227660    -1.004443
   -0.440024     0.376089     0.911597     2.655076
    0.058094     1.822768     1.410973     3.913267
   -1.777525    -1.044906    -1.257411    -0.175467
    1.642127     0.545024    -0.010282     2.953885
    0.288804     0.132348    -0.421005     2.197656
    0.602252     0.364041     2.670454     4.596621
    0.446772     1.589576     3.790107     4.001831
   -2.333488     0.307014     0.801864     1.661169
    1.603562     1.956900     1.382008     3.651771
   -0.858418     0.627258     4.493409     7.279100
    0.024692     1.108200     2.790600     5.422509
    0.356458     0.847256     0.327350     1.688917
    2.341629     1.494198     0.583853     4.951010
   -0.082896    -0.176129     1.072690     0.959874
    1.050237     1.550367     2.324732     3.330275
    2.944594     0.957668     2.319100     2.856529
    0.302522    -0.229297     1.280723     3.709476
    0.818636     2.392942     2.547024     2.219498
   -2.742701    -2.888745    -0.091433     0.679398
   -0.307637     0.363026    -0.077759     1.767434
    1.663771     1.035064     2.697233     1.840898
   -0.119920     1.786809     3.265851     5.889732
    1.760036     3.143195     5.556648     8.047377
   -2.290565     0.043713    -0.118527    -0.219015
    0.580703     1.026671     4.804347     6.344792
    3.112277     4.040151     5.952953     2.592882
    0.077458     2.976504     1.018764     1.505291
   -1.805468    -1.783725    -1.384825     2.172052
    0.729313    -0.894111    -0.563462    -1.768710
   -0.658124    -0.095892     1.087550     2.225092
   -2.040710    -0.421787     0.632790     1.987115
   -1.181427     1.163055     1.858293     3.341565
    2.106709     1.977493     3.490966     4.610039
    0.678571     1.992564     1.758823     3.266483
   -2.300966    -1.265233     0.241563     2.132368
    0.488791     0.553106     0.869976     1.830800
    0.061773     1.074494     3.316178     4.156525
    1.263959     1.217286     0.747618     1.263239
   -0.388981    -0.427621     1.670984     1.380512
    0.511242     1.710414     5.596535     7.866727
    1.832265     3.192535     3.430409     4.348161
    0.294647    -0.786292    -0.886631     2.475604
   -0.013944     3.695960     4.499925     3.080752
    1.131642     2.380978     3.512052     4.299028
    0.804137     1.648414     1.908891     0.176735
   -2.824527     0.165172     1.236098     2.002466
   -0.357758    -1.011685     0.073265     0.274519
   -3.115652    -1.753603     0.809275     2.186737
   -2.231878    -0.180369     0.539536     1.179122
    3.405403     4.329716     5.794891     8.002903
   -0.997490     1.183255     1.681435     2.035638
    1.923884     2.829457     5.188815     3.919622
    0.492490    -0.319497     0.733382     0.093161
   -0.038658    -0.252938    -1.570459    -0.094562
    1.051291     0.286804     2.472348     2.412602
   -0.815947     0.062554     0.254260     2.423544
    2.294573     3.208175     2.633937     4.334232
    0.577107     0.792819     2.699892     2.795274
   -0.330000     0.337025     1.098020     2.706636
    1.216146    -0.192215    -0.366346     0.203472
    0.974946     1.986965     0.242450     2.185723
   -0.824736     0.217348     1.302802     2.225532
   -1.701848     1.676836     4.540931     5.585532
   -1.385591    -1.339508     0.697738     1.263367
   -0.079376     1.519752     2.757394     4.262937
   -3.561208    -2.917850     0.037934     1.546535
    0.553319     3.023259     3.206213     4.047675
    0.071559     0.612837    -0.277518     1.356438
    0.391276     0.083996     2.593016     2.486285
   -2.447028     0.184917     2.291535     4.521605
    1.005763     1.132069     3.516981     4.542868
    1.863926     3.035996     3.329958     4.375471
   -0.308426     0.897261     2.110015     2.611257
    1.321929     2.273268     2.482467     4.411961
    2.194239     2.073929     2.158983     3.740712
   -0.176356     0.318119     1.720954     2.293598
   -0.053383     0.760064     2.910340     3.958811
    3.791678     4.390275     5.036082     6.751382
    0.758090     0.543922     0.970917     0.870966
    0.122218     2.768426     2.649613     3.734796
    0.887596     2.837589     4.153099     5.333556
    0.408076     2.735767     3.270448     2.281647
   -0.619604    -1.488917     0.505737     1.877681
    1.238445     3.143172     2.315419     3.019558
   -2.352738     0.844690     0.053423    -0.091594
   -2.672257    -2.367416    -1.239564    -0.183207
    0.674837     3.183975     5.384909     3.066016
    0.971204     0.526133     0.678658     3.491872
   -1.821842     0.561464     2.985426     5.105936
   -1.569901     1.553309     1.115565     1.403572
   -2.554714    -1.382965    -1.376452    -0.132978
    0.588260     1.993319     2.288125     3.615994
   -0.090246    -0.396990    -0.834805    -0.038050
    0.224238     0.762791     1.121814     1.164867
   -0.240267     4.162579     3.185854     4.023734
    1.155979     0.216306     2.511012     3.310685
    1.278920     2.744212     3.037610     5.097063
    2.684147     2.397968     1.461991     1.898082
    2.138713     5.127522     5.618090     8.354116
    0.900976     1.544926     2.812586     3.831501
    2.996262     3.768237     3.627688     3.461114
    0.761181    -0.864026     1.092852     2.048603
   -0.538539    -0.108294     1.397801     1.985912
   -3.154780    -1.487017     0.363448     1.321911
    3.052425     2.933024     3.644893     3.204497
    1.050066     1.296133     0.300797     1.657663
   -1.525750     1.331186     1.137031     0.974619
   -0.685982    -0.002420     1.232848     1.135067
   -0.312923    -0.364793     1.371404     0.180988
   -1.549686     0.290641     0.303569     2.723944
   -0.908359     1.446484     3.673572     5.793710
    0.500417     1.505448     2.729187     4.612596
    2.252560     2.686166     4.425153     5.963256
   -2.572607    -0.140746     2.123667     3.615512
   -0.984279     0.918063    -0.640566     1.850685
    2.733818     2.379221     3.110358     4.018482
    0.455711    -0.498583     1.648173     3.605631
   -1.208919    -1.968954    -1.189190     1.611330
   -0.409760     0.628246     2.551292     4.634780
    0.922990     2.777939     3.946596     3.975603
   -1.176349    -0.281501    -1.126060     0.728243
   -0.136760    -0.733083     1.442520     0.881357
   -1.053054     1.075179     1.638300     4.191106
    0.588700     1.477801     2.106630     3.296345
    2.602419     1.715629     4.525962     6.050701
   -1.539859    -0.471624     0.046644    -0.134632
    0.567231     1.547389     3.291371     5.148136
    0.850250     3.291095     3.839472     6.111468
    0.362763     0.032678     1.786241     1.659624
   -0.488925     2.591105     3.782747     3.280863
   -2.606335    -1.589068    -1.042834     0.528481
    2.563443     2.165690     4.849683     8.387078
   -0.135844    -1.035025     0.867591     3.619113
   -1.580975    -0.885960     0.685210    -0.192148
    3.087867     1.521220     2.642655     4.753633
   -0.247488    -0.195821    -1.610830     0.492378
   -2.919212     0.424238     3.014757     3.066164
   -2.665072    -0.664613     0.634317     0.669165
   -0.156275    -0.261053    -0.490044     0.727945
   -0.161791     0.392062     3.113384     3.030303
    0.240827    -0.306533    -0.506771    -1.910614
    0.036194     1.835293     1.488099     1.016418
   -1.175700    -1.886138    -0.913032    -1.146327
   -0.575645     0.569484     5.838504     5.433077
   -1.522384     0.481741     1.973495     1.307371
   -2.052391    -0.510690    -1.092791     1.355282
    0.722820     0.340246     0.877754     2.162708
   -1.874734     2.192396     2.955331     2.913577
    1.890751     1.543183     3.493998     2.623440
   -0.630862     1.645872     0.474243     2.801957
    1.784417     1.670550     3.889494     5.197602
    0.257590     0.620232     0.910421     3.332114
   -0.145432    -0.148842     2.692989     5.045496
   -0.827547     1.847888     3.000774     1.141832
   -0.173437     2.766948     4.196597     5.671754
    0.375712     1.396539     2.088568     4.829372
    1.955482     2.622805     4.509746     4.580786
    0.651116     0.132790     2.129455     2.923932
    2.362267     3.060023     3.852081     5.055907
   -1.740967     1.633134     2.137988     2.440999
    0.326966     0.959803     1.594946     3.421664
    2.031073     1.214342     3.810705     6.936240
   -0.157806    -0.722751     1.277518    -0.118355
   -1.860366    -1.590340    -0.930299     0.926199
    1.459855     0.394582     0.098119     1.450714
   -1.527942    -2.335583    -1.249668     1.343582
    1.390050     0.747964     0.222512     3.927893
   -0.176318    -0.361627     4.394179     3.919210
    1.367127     3.194702     1.958776     2.667579
    0.050419    -0.263764     0.460891     0.869926
    0.282180     3.105482     5.340184     6.027260
    1.900569     1.717885     0.443135     2.342827
   -0.375765     0.130222    -0.403376     0.508890
   -0.392717     1.802721     2.559101     3.421272
   -1.425200    -2.141584     1.454089     3.271877
    0.134935     0.936517     3.828743     4.219523
   -1.394801    -0.823530    -1.779489     0.288042
    1.429954     4.352744     4.020202     2.927480
   -1.145430    -0.449667    -0.302688     0.552935
    0.469801     2.522433     2.402019     4.660497
    0.036415     1.690440     1.875561     1.888899
   -0.590989     1.840347     2.224514     2.893903
   -0.618680     1.440227     2.522058     4.643442
    0.889604     2.576380     2.082042     6.080014
   -1.373207    -0.463286     1.031525     2.898985
   -1.064286     1.887987     4.646532     4.610111
    0.545434     2.596073     4.302945     6.343023
    0.608218     1.127428     0.461663     3.178170
    0.638178     0.293937     4.312099     6.514839
   -0.844648     1.935563     1.999558    -0.135246
   -1.007931    -0.521000     1.308104     3.127749
    0.602835    -0.099148     0.135293     0.848110
    0.734801     0.213326     1.416381     2.519337
    1.517096     1.045844     3.731570     5.477538
    0.965624     1.167295     1.276825     1.330273
    0.120083    -0.034975     2.864336     2.402569
   -0.697656    -0.421126     1.339055     3.475926
    0.686433     1.862716     2.990273     3.659089
    0.808804     2.186923     0.849899     3.772957
   -0.963402     2.145068     4.390390     5.211126
    0.527579     1.010652     1.428319     2.522094
    0.384819     2.729424     5.470463     6.387356
   -1.507610     0.099075     0.812357     3.033665
   -0.438931     1.553124     1.758740     1.979511
    0.218248     2.788465     3.037078     5.353252
   -1.589148     0.022306    -0.863507    -1.562388
   -0.312416     0.285574    -1.036809     1.465219
    0.606634     2.174651     2.386942     2.762793
    1.552760     2.387924     4.435056     4.469559
    0.054728     0.731185     3.786383     3.978549
   -0.598400     0.477064     2.287550     3.888708
    0.307658     0.375886     2.390612     2.947888
   -0.934616    -0.972645     0.915286     2.686015
    1.979077     1.596611     1.694374     3.582757
    2.640907     4.664437     3.362084     6.310716
   -0.528177     0.286370     2.697314     1.472638
   -0.925070     0.549589     1.207518     1.291513
    0.593393     1.708981     3.126664     3.824279
   -0.890992     1.662503     1.740576     2.817709
    0.108739    -0.704208    -1.262987     2.014502
   -1.958317     0.288566     0.575185     3.344148
   -0.516432    -1.963483    -0.017276     1.230814
    0.973612     2.183260     2.167005     3.000348
    1.205428     1.734246     2.808811     4.434407
   -0.572195    -2.380271    -0.443375     0.041010
   -0.969510     0.558544     2.576714     1.927995
    0.091486     1.761416     3.286519     4.328688
   -0.538881     2.828146     2.694383     3.338274
    0.537253     2.167541     3.751165     3.474157
   -0.073574     1.094874     3.217337     5.917587
    1.561147     0.168918     1.883929     0.729715
   -1.460743     0.547360     1.987391     3.045773
    0.979194     2.794110     3.015367     4.997033
    0.309923     3.236237     3.997032     3.490405
    0.824776    -0.712472     0.189402     0.391524
    0.987619     3.786533     0.973497     2.460708
   -0.195484     2.626536     4.300378     4.184239
    0.489819    -2.009867    -1.990898    -1.151641
   -0.255205     1.053694     2.507301     5.785361
   -0.055650     1.471623     2.412356     3.349639
    0.817325     3.026074     4.119540     4.161983
    0.045538    -0.418682     1.418098     1.185494
   -1.510938     1.786080     2.695222     3.936190
    1.572512     1.640582     2.318070     3.961050
    0.397757     0.104341     1.295891     4.175871
   -1.133613    -1.033339     1.917271     3.498883
    1.285271     2.833377     1.959885     3.864971
    0.544510     0.833824    -0.040431     2.053672
    1.965525     3.371094     3.388835     4.095958
    0.470752     0.315880    -0.899093     0.522891
    0.644738     1.584438     2.417063     3.406910
    0.571323     0.726200     2.528790    -0.126238
   -0.346032     2.224200     2.708320     4.409733
   -0.040161     1.999318     4.468360     6.642621
    1.626921     3.391127     3.798822     4.720551
   -0.506546    -1.545404     1.628206     3.887300
    0.440031    -0.672266    -1.686314    -0.911516
    2.335323     4.852768     5.055587     5.470511
   -0.388202     1.480808     4.717468     3.967001
   -0.739560     0.947556     3.088433     3.304929
   -2.246922    -1.186511    -0.638281     0.850935
    0.921839     1.445104     3.615289     6.080606
    0.599890     1.284650     0.554488     1.651343
   -0.344217     1.158392     1.391031     4.041884
   -0.107713     0.071954     1.419378     4.804725
    0.875390     1.299297     4.070435     4.548679
   -2.808026    -0.895162    -0.473454    -1.316127
   -0.300433     0.189335     1.524338     3.565013
   -0.655838     0.039636     2.080698     5.095263
    1.496820    -0.082763     1.565844     1.499262
    0.573675    -0.005383    -0.866739    -0.415081
    1.037583     2.064366     5.217044     5.629063
    0.008139     1.654931     0.530835     2.912860
    0.380993     1.634933     1.807531     1.057828
   -0.978832    -0.511366    -0.177265     0.904253
    1.287477     3.455503     3.580684     4.138084
    1.570324     2.621985     2.940548     3.579167
   -0.228989     1.754548     1.110962     2.110540
    1.488559     3.311411     4.287452     6.202242
   -3.296183    -0.889048     0.290068     2.693033
   -0.779182     0.722462     1.681845     2.536175
    2.110933     2.126851     2.086061     2.841362
    2.000501     1.304050    -0.109170     2.051793
   -2.709244    -2.761044     0.062856     2.646075
    1.830724     2.673982     1.532410     3.384377
    1.279140     1.506295     0.619735     1.749397
    1.993979     2.836231     3.689183     4.691016
   -0.617671     0.816899     1.069225     4.861768
    0.913690     1.033388     3.327017     4.625971
   -2.171498    -0.230494    -0.564835     2.862714
    0.202591     0.825420     1.753220     0.325950
   -0.867388     1.597558     3.171779     2.890737
   -1.214674     0.701504     3.109945     5.887782
   -0.410583     0.951492     3.621036     3.381082
    0.607129     1.988956     3.577068     4.938623
    0.938553     4.908357     5.378033     9.243627
   -0.613967     0.115280     1.910461     3.255923
   -0.094284    -0.126001     0.506143     2.742207
   -1.811149     0.783665     2.991921     3.986167
   -0.322272     4.572264     3.169832     2.311255
   -1.088148     1.647433     2.175186     3.912227
   -0.685056     1.961556     2.770952     2.200760
   -0.725580    -1.905154    -2.455134    -0.780514
    1.195813     1.582092     2.709465     4.359575
    1.342362     1.582670     2.319184     4.486874
    1.515947     4.539716     5.650893     8.829154
    1.019256     0.406726     3.235145     3.950621
    0.204493     1.707149     2.900019     4.191764
   -0.509345     0.610638     0.594192     0.662832
   -0.289755     1.599841     1.338701     2.716669
    0.817457     1.591720     2.553848     3.455140
   -0.204501     1.305951     2.597736     4.374704
    1.626551     2.091552     2.264613     2.244197
   -0.273628    -1.200714    -0.741738    -0.228957
   -0.118965     1.434749     2.494633     4.015350
   -3.060463    -2.688811     0.385850     3.211272
    1.135432     2.152767     0.040243     3.022134
    0.708306     4.987044     4.671383     6.737190
   -0.564912     0.785975     1.715426     2.188403
    0.247630     1.883535     0.891782     0.863675
   -1.978520    -0.409883     2.570708     5.286070
    1.687084     2.261310     2.716323     3.962274
   -1.026736     0.728572     0.830544     1.207179
    0.037683    -1.033437     0.290165    -1.417552
    0.116057     1.749991     4.367131     4.547461
    0.467064     2.431977     3.452760     3.744649
    0.003581     1.337590     2.856478     1.918734
    0.864313     2.145401     5.667638     7.213612
   -0.801882    -0.298985     1.517193     3.015684
    0.268344     0.723138    -1.312096    -2.034527
   -1.663780     1.086069     2.472917     3.152915
   -0.471926     0.813633     2.582424     3.441285
   -1.285209     1.371603     2.103264     3.973799
   -2.087174     0.235082     1.255758     2.865851
   -0.589398     0.411233     1.205260     1.838079
