    0.780449     2.220550     4.572054     8.798249    -0.378137     0.299639    -0.642262    -0.880031    -2.606761     2.390625
    2.462900     1.970866     2.781247     4.293159    -0.547830    -0.108472     1.118025     1.383101     1.497752     0.642068
   -2.236374    -1.204204    -2.784513    -2.554476     0.092867    -0.760867    -0.813384    -0.227459     0.194822    -0.798527
    1.626510     0.023338     0.450601     1.428872    -0.631615    -0.832249     0.659012    -0.558788     1.680715    -0.035300
    2.476976     4.371565     6.985660     8.481588     0.160026     2.815955    -1.966773     0.273483     1.334480    -0.646794
    0.132126     1.761264     2.064123     3.155385     1.670470    -0.647520     1.132442     0.691526     0.001154    -0.228155
   -0.857555     4.538556     7.088886     6.889068     1.138741    -0.046117    -0.498683     0.198726     1.585843     1.171433
    2.389913     1.995576     3.857782     4.704005    -0.054515     0.975306     1.152171    -1.593379    -0.465826     0.018443
    0.133000     4.019776     3.599054     3.747057     0.229133     0.005205    -1.627690    -0.549577    -0.800556    -0.170731
   -0.851146     0.734558     3.466109     4.493463     0.171014     0.251263    -0.618540     0.227502    -1.536057    -0.314298
   -0.979798     0.214282     2.807868     3.639426     0.479260     0.013376     1.288308    -0.604605     1.361143     1.178340
    1.308941     2.321588     3.411832     6.332506    -0.609607    -0.775103    -0.982294     0.832758     0.003593    -0.120509
   -0.693914    -0.095672     0.594341     0.371926    -2.304081     1.104796     1.430499    -0.692320     0.329635     0.603662
    2.370510     3.999517     4.656947     6.133769    -0.619106     0.961444     1.411783     1.681729    -0.589007    -0.007625
   -1.343410    -0.169204     0.878824     2.647211    -1.640384     0.300713    -1.367549    -0.203771     1.636943     0.044085
   -1.476843     0.524789     1.334928     0.736654    -0.218937    -0.135423     0.670706    -0.964958     2.034624     0.152641
    2.024595     2.808185     4.103952     4.921894    -0.402287     0.938296     0.879467     0.890619    -1.281570    -1.667594
    1.971827     2.549801     4.311261     5.428118     0.676387     0.813981    -0.189718     1.121324    -2.798568     1.127037
    3.321727     3.020180     4.948658     7.154263     1.747475     0.480963     0.304618    -0.681280     0.513196    -0.092245
   -0.898897    -1.481901    -1.151480     2.590782     1.410780     0.069853     0.906345    -0.390992    -0.255317    -0.192402
   -2.255711    -3.886310    -0.063747    -0.695066    -1.536762    -0.659141    -1.284006    -2.307244     0.785583     0.531269
    1.725943     3.614328     4.297640     4.259633     0.516498     0.106784    -1.351337    -0.736173     0.339822     0.642076
    2.454224     4.797044     4.345658     5.155960    -0.640817     0.191823     0.020574     1.082327    -0.659480    -0.440224
    0.092110    -0.809230    -0.434547     0.699788    -1.381609    -0.245181     0.767034     0.953528    -0.219912     1.731966
    0.807136     1.900741     3.425746     4.526706    -0.549370    -0.026437     1.096098     0.261171    -0.339171    -0.305768
    2.802639     3.329400     5.226188     6.359635     0.731887    -0.528068     0.268108     0.042482     1.198587     0.600931
    4.173727     4.546074     4.751175     5.566851     0.803575    -0.120874    -1.293566     1.436150    -0.505703    -0.141509
    0.577095     2.919597     3.587631     4.514473     0.307231     1.013030     0.433978     0.397810     1.790181     0.697526
   -1.439518    -2.237009    -1.839215    -1.839609    -0.205993    -1.120572     1.411063    -0.260148    -1.393719     1.116172
    1.304654     0.554601     0.394995     1.979514    -1.273245    -0.012897    -0.511570    -0.492167    -2.480959    -0.851612
    3.691357     6.013815     9.801678    10.037161     1.079749     1.320976    -0.328294    -0.502614     1.234631    -0.168311
   -0.399297     2.012683     2.244037     4.904927     0.540446     0.109886     0.366132     1.083928     0.805209    -0.467853
    1.163918     4.554563     5.953984     8.372208    -1.891390     2.336477     1.040424    -0.887450     0.487754    -0.750732
    0.320749     1.287469     1.707756     1.350247    -0.537641    -1.654380    -0.277392     0.085112    -0.758738     0.479935
   -0.852188     1.690531     0.966686     1.401779    -0.212909    -0.434731     1.587015     0.274622     1.094658     1.396313
    0.064346     2.281195     4.401801     3.151529     0.046797    -0.084283     0.416606     1.798305     0.838095     0.650150
    0.274313     2.113424     0.947023     2.514389    -1.421241     0.025463    -1.623503     0.550518     1.235701    -1.321248
    0.159429     2.310527     0.722817    -0.031713    -0.150202    -0.051904    -1.519160     0.825795    -0.357514    -1.063719
    0.449336     2.906360     4.672429     8.372006     1.253502     1.627869     0.022385    -0.689359    -0.800097     1.302970
   -0.590921    -3.106029    -1.556265    -1.206774    -1.008454    -1.078372    -0.247316    -1.705776    -0.871499     1.487241
    0.352868     0.670112     2.726700     4.258741    -0.204798     1.412333    -0.302102     0.208843    -1.503835    -1.064274
    1.249619     2.647494     3.692158     5.804172     0.215333     0.690397    -0.827532     0.077163     0.537465     0.252160
   -1.598924     0.846003     0.069158    -0.782719    -1.828327    -0.907555    -0.916580     0.795179    -0.209076     0.040761
    0.484872     0.182540     1.820428     2.473624    -0.382372     1.018529    -0.811015    -1.330976    -0.402319     0.984110
    1.385660     1.384317     2.610906     2.701457    -0.744707     0.776839    -0.184694    -0.650414     1.602637     1.794142
    3.485452     2.971110     3.816794     2.511412    -0.315156     0.824091     1.593157     2.044719     2.605693    -0.197014
    0.713737     3.327786     2.878258     4.947003    -1.797239     0.947152    -1.270599     0.814993    -1.519658     0.378869
   -2.541594    -1.172236    -1.490820    -2.934830    -1.200424    -0.905841    -0.705956     0.635186     1.342181     0.452261
    2.298276     3.634055     2.168480     4.254195     1.531213    -0.577384     1.340950    -0.615852     0.403588    -0.179209
    2.545389     4.785806     6.333351     7.977335     0.354550     0.896374    -0.115264    -1.593301     2.172074    -0.438988
    0.756662     2.939532     3.627263     4.227274     0.310991    -0.353385     1.973640    -0.259109    -1.468981    -1.245712
    1.657938     1.488931     1.905137     4.562808    -0.337356     0.227616    -0.616087     1.411073     0.478422    -0.702999
   -1.304455    -1.086216    -1.557891    -0.657689    -0.651517    -0.501614    -0.488608     0.891574     0.060854    -0.308770
   -0.984856    -0.499207     1.442119     0.239871    -0.400846    -0.378194     0.275820    -0.385128     1.212257     0.298729
    2.556321     3.803783     7.398553     7.945301    -0.872271     1.524387    -0.480264     0.082187     0.753011     0.604191
   -1.979004    -1.621357    -1.100978    -0.366093    -1.354075    -0.036694    -1.465461     0.875187    -0.549687    -0.925774
    1.979467     2.334061     5.411212     5.903783     0.252071     0.327794     0.644102    -1.568481     1.199034     0.068456
   -0.466438     0.007688     0.284969     2.216156    -0.275929    -0.436127    -1.836599    -0.076370    -0.335452    -1.391017
    1.268750     3.468828     4.960905     6.965797    -0.123633     0.719129     1.460167    -0.058044     0.093399    -0.148530
   -0.147062     1.704632    -1.511168     1.174048    -0.674964     0.073155    -0.507461     0.275553    -0.047841    -1.758438
   -0.349662     0.297981     1.067708     2.826493     0.044081     0.193222     0.907854     0.883774     1.318087     1.149143
    1.746179     2.090683     5.692392     5.577330    -1.256056     1.197866    -0.459229    -1.471741    -0.294459    -0.664150
   -1.002893    -1.141717    -1.528041    -1.019114    -0.911794    -0.389336    -0.559222    -0.716206    -1.300745     0.290242
   -0.145201     0.711509     0.262396     1.624965    -0.714257    -0.052778    -1.076637     1.404600    -0.037219     0.845111
    0.737145     0.268709     2.418950     2.876240     0.159058    -0.308065    -2.013822    -1.014539     0.954762     0.234254
    0.552915     2.170735     4.231772     3.702840    -0.355928     1.050145    -1.115742    -0.866691     0.993113     0.336390
   -0.006393    -0.285116     1.132887     1.206993    -0.145271    -0.256934    -0.287157    -0.383511     0.133101    -0.568806
    3.078445     4.051180     6.322607     6.189150     0.854468     0.772576     0.370689     1.035797     0.477870    -0.820522
    3.672767     5.766194     9.821407    12.686049     1.439988     3.032503    -0.702414    -1.149904     0.070349     1.814259
    2.848987     4.265484     6.701600     7.600014     0.634420     0.863468     0.108305     0.742222    -0.796496    -1.036125
   -0.787967     1.800602     3.137220     4.602563     0.825647     1.031030     0.519967    -0.001219     0.395544    -0.598258
   -2.003888    -1.470914    -1.968023    -0.658422    -0.745807    -1.489720     0.161343     0.752875    -0.321355     0.393539
   -1.228237    -0.385412     1.946127     2.579067    -0.870131     0.384384     0.675131    -2.396730    -0.649357     0.895434
    1.255570     3.286718     3.624432     5.458454     0.991572     0.827536     0.021611     0.665053     0.244505     1.592236
   -0.631758     0.928931     1.411294     3.519964    -0.629653    -0.440679    -0.723604    -0.136046     0.201679    -0.650419
   -0.380935    -1.752894     1.312220     2.219750     0.259799     0.513796     0.294384    -2.550343    -0.611401    -1.024535
   -0.384026    -0.284647    -0.069248     1.589624     0.569369    -0.135745    -0.758756     0.002772     0.197403     0.351428
    1.599177     3.639642     5.763514     8.667716     1.473999     1.559878    -0.653400    -1.310382    -0.407648    -0.569691
    2.815717     2.614351     4.406107     5.391239     0.259890     1.161404    -0.067015     0.162831    -1.890747     1.507907
   -1.051626    -0.001073    -0.454256     1.463428    -0.329575     0.423987    -0.014044    -0.101089     0.287655     1.672910
   -1.401907    -1.227150    -2.028002    -0.973857    -1.530687    -1.012070    -0.677306    -0.163298    -0.888398     0.393505
    0.900104     2.021425     1.592150     2.188033     0.065425    -1.247431     0.602292    -0.560002    -0.211172     0.836687
    0.166039     3.950732     5.564083     6.298440    -0.045177    -0.165367     0.315062    -0.757454     1.332694     0.504565
    0.978393     4.651797     4.595476     7.055171     0.619654    -0.069529     0.269691     1.501200    -1.588362     1.942278
   -0.026137     2.605221     2.703868     2.819961     0.872048     0.528877     0.894157     0.252762    -2.162351    -1.125664
    1.873428     3.438747     5.318459     5.127442    -0.183615     0.537317     0.570575     0.988822    -0.783346     1.316421
    1.910822     5.295831     7.547229     8.610289     1.890930     0.776880    -1.463665    -1.005086    -0.772788    -1.847293
   -0.107242     1.603367     2.578255     4.626635     0.231751     0.050531     0.150821    -1.340540    -1.379718    -0.406110
    1.043979     2.443875     2.344673     5.393966     0.111786    -0.562686    -0.414588     0.769374     0.383651     1.122683
   -0.809444     1.320461     3.705978     4.180894     1.763477    -0.698951     0.539442     1.464496    -1.567887    -0.530016
   -0.147329     0.767460     0.640250     2.559427     1.502160    -1.305503     0.115583    -0.131931     0.081413     0.276924
    0.754159     2.496738     3.755276     3.130533     0.376755     0.766313     0.203039     0.275347     1.895574    -0.683711
    1.151891     1.775120     3.340994     6.092436     1.644588    -0.812776     0.814209    -0.159431    -0.442573     1.286571
    3.329438     4.551477     6.021705     6.746545    -0.493137     1.138356     0.417678    -0.682049     0.647410    -0.483949
    1.742707     3.070310     3.545175     5.618281    -0.178203     0.495961     0.295421    -0.460149    -2.337810    -0.227138
    1.435178     3.252021     4.366079     7.225333    -0.167109     0.814988     1.811885    -1.661134    -0.858205    -0.581798
    1.032131    -1.177845     0.634083     2.643715    -0.801740     0.000655    -0.234114    -0.958866     0.150185     0.958183
    1.062894     2.018602     2.713399     3.927075    -0.401560    -0.086226     1.043682     0.385813    -0.091489    -1.806287
   -0.179875    -0.189475     1.521195    -0.529307    -0.751356    -0.291141     0.927993    -0.543828     0.693936     0.019507
   -0.253073    -1.771627    -1.169981    -1.783084    -0.177982    -0.336915    -0.712436    -1.210176    -2.047031    -1.190609
    0.993927     2.591121     2.812102     2.942519    -0.152527    -1.643316    -0.045714    -0.311125    -0.094641     0.433440
    0.000077     0.449782     1.555302     1.139705     0.951462    -0.504344    -1.045373     1.116847     0.544474     0.192852
    3.493165     5.082739     7.931731    10.032045    -0.041980     1.696549    -0.279010     2.084447     0.146554     0.742001
    1.921705     3.850755     4.381085     5.280412     1.447403     0.180864     0.495731     0.917462     0.325118    -0.408528
    1.354210    -0.582134    -0.357292    -0.105393    -2.123630    -0.018621    -0.157704    -1.487531    -1.287873     0.653647
    0.949929    -0.099534     0.944323     2.086067    -2.426171     0.101322     0.564874    -0.310388     1.083567     0.824792
   -1.748839    -2.355335    -2.662615    -1.103474    -1.561178    -1.818554     0.813790    -0.386936    -1.955355    -0.549652
    1.078224     1.895603     4.051248     5.740611     1.353892     0.464101     1.578221     1.293007     0.390264     0.568022
    3.216230     5.254138     4.660347     5.907292     0.348195    -0.092282     1.015207     0.724898     1.259082     0.677749
   -4.514931    -4.759638    -6.274738    -7.203401    -2.124183    -2.009616    -0.198377     0.266942     0.572267     1.624271
    0.438939     1.806573     3.697396     5.471427     1.488078     0.497502     0.426121    -0.331116     0.397835     0.360175
   -0.587462     0.889719     0.737577     2.079479    -0.270479    -0.523342    -0.742644     0.511342     0.796061     0.031332
    1.378071     1.055725     1.966790     3.728560     0.950437     0.346425    -0.713483    -0.670327    -0.716834     0.380100
   -0.815843    -1.361444    -0.557384     1.819043    -1.019932    -1.053388    -0.549208    -0.639052    -0.393587     0.819293
    3.572165     4.726591     7.309234    10.080545     2.529128    -0.147449     0.643878    -0.189060     1.303670     1.068367
    1.071270     2.861328     3.437340     4.222313     0.402730     0.705201    -0.439000     1.686047     0.153940    -1.440912
   -1.090472     1.400998     1.812600     3.569048     0.512390    -0.849588     0.789518     1.801180     0.239773    -1.124468
    3.206377     3.419253     4.599636     6.634030     1.810637     0.056700    -0.500426    -0.011765    -0.274913    -0.430402
   -0.722549    -0.909048    -0.404686    -0.744977    -0.458864    -1.832637     2.269082     1.662698     0.914851    -1.493751
    2.110959    -0.233599     4.574157     6.065669    -1.284338     1.495675     0.515943    -0.654862     1.181309     0.983570
    3.288929     5.595214     6.356172     7.488556     0.435622     1.046374     0.868771     0.693785    -2.098710    -0.789969
    0.374002     3.681577     4.858780     6.022419     1.361619     1.230021    -2.078032    -0.871184     0.855535    -2.095385
    2.813431     3.344862     3.544819     5.142723    -0.663091     1.294016     0.230859    -1.429562    -0.656495     0.700648
   -3.225054    -1.844076    -1.895666     1.352549    -1.061575    -1.362854    -0.154908    -1.599177    -1.344953     0.389126
   -0.245746     1.977807     2.308617     4.643973     0.477599    -0.599669    -1.578695     0.488144     0.179086     1.415841
    1.641857     3.026975     2.135194     4.346379     1.233576    -0.200621    -1.564695     1.018841     0.940600     1.179760
   -0.501301     2.623424     3.282864     4.464032     0.255474     0.228995    -1.655670     0.255255     0.521996    -0.279406
    1.664178     4.147016     4.019575     3.719848    -0.036490    -0.241017    -0.995605     0.842253     0.520842    -2.563172
    3.300138     1.525837     3.223567     4.240989    -0.302565     0.484037    -0.605970     1.303661    -1.163575     0.372728
    2.166350     2.959298     4.739375     4.450943    -0.625944    -0.140820     0.811529     0.186569     1.462002     1.103128
    2.199180     3.208257     8.235801     9.499779     1.104124     1.509714    -0.278178    -0.644128     1.301571     0.489780
    1.349222     1.876682     4.315912     3.641719    -1.280657     1.006301    -1.043125    -0.114523    -0.358297    -2.285816
   -2.507704    -1.544487    -0.237756    -0.156606     0.224502     0.180353    -0.511233    -0.697410     0.505005    -0.234865
   -0.125924    -0.497013     0.072977     0.490409    -0.031752    -2.010302     0.050854     0.687174     0.756247     0.366267
   -3.094623    -2.109388    -1.466730    -1.031660    -0.724624     0.008450    -0.596219    -0.969688    -0.688493    -0.680731
    0.884924     2.819718     4.457019     5.487538     0.892864     0.427772     0.115487     0.817706     2.751769     0.802541
    2.416661     4.261874     4.686996     7.869720     1.665057     0.339204     0.478087    -1.378397    -0.648973    -0.305985
    1.052534     2.341860     2.513154     3.597680     0.048360    -0.966924    -0.050755    -0.464111    -0.749976    -0.298943
    1.774762     3.500288     4.641522     5.042752    -0.694827     1.670608     1.060416    -0.490206     0.238325    -0.987356
   -0.001372     0.071100     1.437311     2.655324    -0.165938    -0.645145    -0.317658     0.669786    -0.855778     0.409968
   -2.164638    -0.280633     0.924156     2.190253     0.183785    -0.252120    -0.805571     0.447795    -0.317912    -0.426773
    0.228123     2.202375     2.494563     3.155638    -1.232644    -0.359964     1.353188    -0.446189    -1.285158    -1.753172
    0.597749     0.781520     0.946647    -0.751752    -0.214017    -0.911477    -1.120716     1.171887     1.235469     0.915626
    0.005116    -0.058527    -0.292555     0.814382     0.576143    -1.055097    -0.122381     1.037194    -0.459635    -0.149087
    3.064024     1.205281     2.395104     2.987136    -0.208470    -0.576254    -0.118377     0.971309     0.064558     1.628845
    1.069713     1.382133     0.968282    -1.032600    -0.557121    -0.836211    -0.799806     1.494145     1.610598     0.204896
    0.595429     0.222623     2.750583     4.365255     0.886034     0.863877     0.853336    -0.257573     0.976607    -0.559906
    3.996008     5.417908     7.878524     9.903700     0.570787     2.429509     2.214230     0.517093     1.551954     0.896876
   -0.063417     2.463174     3.134738     4.693164     1.656268    -0.882336    -0.209623    -0.480615    -0.126440    -0.168535
    2.126223     2.825767     7.309369     7.748514    -0.794163     1.809567    -0.484786    -0.341099     0.796585    -0.770207
    1.326720     2.643864     2.558271     3.659022     0.566355    -0.531482    -0.111304    -0.567747     1.621085     0.405464
    0.362484     2.752361     4.413833     4.151250    -1.629198     1.373644     0.477029     0.895509     0.741356    -0.835572
    0.275300    -1.270840    -0.398607     1.603294     0.036652     0.075750     1.493738     1.765881    -0.944050     0.115830
    1.432711     2.566219     5.395712     8.004444     1.342157     1.339482     1.314644    -0.871942    -0.881647    -0.365001
   -1.421466     0.497385    -1.676665    -0.060356     0.553210    -0.991935    -0.619512    -0.104669    -0.517273     0.571198
    1.979267     3.668513     6.725411     9.077245     1.247069     1.814579    -0.960016    -0.691094    -0.095628     0.413766
    2.399149     4.108913     7.833343    10.170035     1.192435     2.335087    -1.328791     0.578922     0.873617     1.842517
   -0.282200     1.402453     3.105244     4.825019    -1.114038     0.271199    -1.253658    -0.614883    -0.126152     0.997620
    0.163330     2.197284     4.781958     5.980445     1.029626     0.115016    -0.606653    -0.705569     0.856668    -1.244827
   -0.020110     1.589373     1.140137     2.838609     0.410593    -0.016483     0.376021     2.725665    -0.323330    -0.740438
   -2.190930    -2.421495    -3.045610    -3.759527    -1.147729    -1.665873    -0.279276    -1.516119    -1.289801     1.042037
    1.236930     3.173140     4.740971     6.177374    -1.274636     1.147704     1.128684    -1.015839     0.666424    -0.025566
    2.746077     2.909443     4.417610     2.028248     0.456593    -0.810268     0.374524     0.317557     0.164188    -0.874825
    0.459863     1.281266     1.605239     2.187858    -1.588230    -1.287376     0.528465     0.607302     0.230405    -0.024887
   -0.124060     2.702953     2.662993     5.011669     0.646197     1.376102    -0.861467     2.661396    -1.176485     0.561473
   -1.554915     0.544722     4.084187     6.589760    -1.336660     1.804865     1.146818     0.741850     0.568333     0.423603
    4.361736     6.846596     9.240558    11.612090    -0.530727     2.958211     0.045357    -0.155963    -0.095057    -0.655384
   -1.397886    -0.653204     0.701650     1.901825    -0.500178    -0.630919    -2.114673    -1.580442     0.438837    -0.010498
    1.851133     5.312675     4.250900     5.360852     1.235494    -0.009403     0.777277     1.751657     0.945463    -0.256292
   -2.894833    -1.218567     0.571491     1.130239     0.398565    -0.544628    -0.602482    -0.176404     1.505479     1.519721
    0.388306     1.320897     0.866562     0.782337    -1.131777     0.287879     1.269648     0.653810    -0.989369    -1.892094
    0.929852     1.507704     1.622459     3.299776    -0.289002    -0.232514     0.299827    -0.077207    -0.990335     0.238859
    2.222954     3.119345     4.451160     5.128194     0.366983     1.305085     0.345675    -0.563766     1.225584     0.122329
    1.093947     0.677708     1.216234     2.366423     1.220699    -1.427742     0.657240    -1.556825    -1.450244    -0.641179
    0.610568     3.068305     3.383107     2.830393     0.264023    -0.063138    -0.679210    -0.286521    -0.893566    -0.950040
   -0.105795     2.760782     3.055970     3.238335    -0.362670     1.513925    -1.042407     1.219319     0.429917     0.287010
    2.868928     4.319826     6.641784     9.483879    -0.039743     1.465020     1.073743    -1.576420     1.030787     1.795693
    0.386996     0.617944     2.111527     3.449718    -0.540911     0.213129     1.323243    -0.496624    -0.304172    -1.353828
    2.497073     4.131834     6.951836     7.797680     1.390996     0.602387     0.000470     0.830743     2.230076    -0.322046
   -0.116588     2.713004     2.748402     3.478361     0.593644    -0.685141    -0.049177    -0.165167     0.430209     2.541857
    1.248844     2.225320     3.974016     5.033310    -0.051335     0.725122     0.191875    -0.400335     0.488480    -0.195537
    0.655501     2.538063     2.717084     1.988362    -0.952299     0.558656    -1.284374     2.499159    -0.794872    -1.482560
   -1.220354     0.390030     2.062123     2.008637    -1.162023     1.325596     1.643114     0.779123    -0.246007    -0.311892
    1.227176     2.942349     3.786840     5.497943     0.432074    -0.211692    -0.473972    -1.388934     1.079427    -1.103503
    1.274856     2.053699     4.736883     5.485361    -1.049344     0.800466     0.497726     0.061891    -0.461116    -0.433474
    0.419221    -1.455743     0.906049     1.717914    -1.505823     0.741238    -0.397050    -1.254410    -1.042235    -1.329305
    1.040090     3.709693     4.421042     7.978173     1.429210    -0.215831    -0.007466     1.052873    -0.584034    -1.123783
   -0.457348    -0.250466     1.344410     1.719619    -0.682178     0.078729    -0.433983    -3.989733     0.314535    -1.173831
   -0.652602     1.335221     1.372282     3.027573    -0.927896     0.363025    -0.155001    -0.595965    -1.094862     0.139447
    2.163402     2.829465     4.771554     5.243480    -0.149362     0.382796     0.933878     0.345115    -0.972414     1.245537
    1.581265     5.281172     7.710215    10.161540    -0.305156     0.569363     1.399783    -0.814968     1.912760    -0.613888
    3.146934     4.507938     7.300029     9.074688     1.648857     0.535139    -0.966880    -1.847949    -1.186988    -0.115255
   -0.275984     1.273251    -0.388855     0.183420    -0.688306    -1.581887    -0.413108    -1.175687    -2.104639     0.547209
    0.237835    -0.350928     0.180618     0.035529     0.734962    -0.732463     0.996114    -0.418699    -0.305197    -0.300515
    3.762881     4.101785     3.243312     6.330463     0.761854    -0.154621     0.549263    -0.802014    -1.139266     0.995822
    2.539286     5.301574     7.168384    10.358257     0.848550     0.108656     0.674633     0.553015     0.804453     2.445044
    1.349267     3.587813     7.005093     7.473381    -0.745822     1.419800     0.972109    -1.147346     0.209087     0.364625
    1.846344     1.334333     2.772956     2.959559    -1.176074    -0.499017     0.715668    -0.305683    -1.488977    -0.173171
    0.251351     0.930432     1.398979     2.895146    -1.102811     0.552317    -0.850108    -0.381997    -0.506268    -0.147282
   -0.414501    -0.145923     1.918586     1.395457    -1.203482    -0.870032     1.480019    -0.566551    -0.979135     0.100229
    0.875042     1.812063     2.753214     5.318338    -0.092702    -0.790283    -0.613732    -0.450176    -0.140618     0.286502
    1.264553     0.993991     3.017707     3.329098     0.689558     0.574509     0.391490    -0.390085    -0.258390    -1.277623
    0.036325     2.870711     4.703011     7.405488    -1.306523     0.851128    -0.446348     0.977527    -0.357467     0.870512
    2.325252     4.798361     4.976351     5.071675     0.822542    -0.469843    -0.271130    -0.957974     0.755653    -0.158497
   -0.383144    -0.887543    -1.649603    -1.188659    -1.552094    -0.592167     1.225392    -0.922794     0.087791    -1.744620
    2.775872     1.636215     3.217612     3.115633    -1.042639    -0.543426     1.699737    -0.538705    -0.450455     0.303804
   -0.000767     1.528222     3.141259     3.785589    -1.725684     0.287922    -0.033172     0.712420    -0.941574    -0.943377
   -0.031145    -0.042097     1.829564     4.209494    -1.017168     0.658097     0.387626    -2.449865     1.056773     1.053554
    0.810608     1.897193     2.727459     4.210365     1.353568     1.023170    -0.363187     1.269224    -0.415899     0.978589
    0.548244     2.996572     3.765879     4.284331    -0.704684    -0.105050     1.411473    -0.914700     1.520137    -0.920119
    0.705274     1.737569     2.353080     2.867384    -0.173047    -0.816483    -1.190304    -1.268815    -1.118626    -0.199656
    0.373745    -0.037987     2.864549     1.665680    -0.762126     0.187925     1.394726     1.029036     1.628983    -1.245842
    0.127497     1.468772     4.477308     3.708389     1.471815    -0.465280    -1.154251    -1.532096    -0.697473    -0.483470
   -1.437366    -0.333348     0.056402    -0.504833    -0.566302    -0.492455    -0.167684    -0.176933     2.743828    -1.243747
    4.365148     5.986699    10.187015    10.264914     0.513084     2.119907     1.489280    -0.516709     2.179006     0.168141
   -0.747640    -1.643505    -2.010995    -0.163824    -0.948985    -0.676956    -0.680848     1.747627     0.582244     1.232041
    0.359734    -0.132597     2.889472     2.162138     0.052474    -0.951338     0.393945    -2.363761    -0.099786     0.414763
   -1.533115     2.404171     2.317829     2.532301    -0.309392    -1.492700    -1.206374     1.466371     0.021784     0.715803
   -0.806585    -1.079344    -0.044251    -0.652639    -0.613409    -0.162276     0.586797    -1.305039     1.705989    -0.134134
    2.726688     5.465325     4.962243     6.186150     1.098406     0.473565    -0.068923     1.016187     0.989555    -0.482760
    1.504727     3.095441     3.779820     2.649380     0.072637     1.272141    -0.039442     0.787891    -0.442456    -0.591563
    0.057780     1.569558     3.928186     2.676181     0.133553    -0.049683     0.072954     0.505188     1.536780     0.663329
   -1.730652     0.944134     2.931851     4.093778    -1.839534     1.130555    -1.358449     0.334932     1.705446    -0.444458
    3.256819     4.639217     5.441397     7.782126    -0.284727     0.132148    -0.144956     0.061687    -0.798547    -0.969469
    0.551258     2.131862     3.541050     3.499547     0.167764     0.165788    -2.253385    -0.812875    -0.995894    -0.664708
   -1.469993     0.394266     0.215734     1.385002    -2.325286     1.310820    -0.289966     2.261761    -0.967120     0.728447
   -0.158149     2.192574     5.649401     4.596500     0.602014     1.262019    -1.422657    -0.125711     0.679492    -1.884717
    2.054062     1.065837     3.003079     1.793327    -1.391246     1.112628     0.290540    -0.437596     0.379938    -0.979606
    1.534312     3.100445     5.209738     6.652440     0.143293     0.357957     0.195802    -0.356190     0.524472    -1.746067
   -0.995661    -2.273467    -3.633817    -2.595232    -1.558760    -1.422598     0.012036    -0.450117     0.078054     1.609271
    0.689924     1.233369     1.309010     2.570864    -1.381167    -0.152966    -0.086102     0.482086    -0.541328     0.015581
    0.211670    -0.274261     1.741132     4.509458    -0.860986     0.535553    -0.399566     0.341523    -0.595936     0.586568
   -1.228554    -0.894604    -2.506297    -3.321251    -1.100105    -1.583122     2.125082    -0.135222    -1.552397     0.434206
    1.732781     1.681388     2.573181     4.045971     0.165073    -0.422940     2.220909     0.268697     1.282979     1.531992
    1.730854     1.931375     1.983987     2.414780     0.329845    -0.464583    -0.044920    -0.734841     0.168117    -0.440568
    0.189943     4.583427     6.348277     9.607526     0.156055     2.839870    -1.605042     1.451615     0.535367    -0.224604
    1.538949     2.171554     3.095312     3.570422     0.587534    -0.330603    -0.405355    -0.307490     0.368800     0.150701
    0.757604     2.882200     3.793176     4.693665    -1.977762     0.618976    -0.932390    -0.697529     0.531010     0.417092
   -1.978829    -0.108574    -1.983710     1.073132    -0.782372    -1.687269    -0.242087     0.579493    -0.940904     1.159461
   -3.759954    -2.888376    -4.229326    -4.497402    -1.670391    -1.081512    -0.493072    -0.521465    -1.499458    -1.154549
    1.583698     4.339782     6.612262     8.776325    -0.154885     2.033823     0.940990    -1.520658     0.446582    -0.708360
    0.196427     1.449213     3.084924     4.061523    -0.531346     0.506480    -0.332950    -0.579728     0.963890    -0.287894
    3.776091     5.363891     4.543511     5.765866    -0.085268     0.266253    -1.907773     0.160015    -1.038626    -0.544420
    0.290841     2.198959     1.368861     2.372961    -1.043726     0.332210     0.200974    -0.099717    -0.578822    -0.088032
    0.624672     5.133475     6.115875     7.403993     0.998934     0.658340     0.111890     0.069861     0.110433     1.411996
    2.295214     5.846204     3.832214     6.772383    -0.705152     1.550630    -0.439179     0.493848    -0.550947     0.162491
   -0.389533     1.088098     0.726718     1.282227    -0.295707    -0.473913    -0.397714    -0.670389     0.820992    -0.171390
    0.939752     2.004603     2.127930     4.857932     0.156308     0.414348     0.001742    -1.083940    -1.132950    -0.983744
   -1.706665    -0.881019    -0.167104    -1.080104     1.099443    -1.090454    -0.594197     1.390807     0.416121    -0.853145
   -2.396558    -2.787402    -0.590320    -3.017683    -0.237885    -1.166746     0.208397    -1.195885     1.519830     0.679503
   -0.286075    -0.674412    -0.308115    -0.047871    -2.308598     0.370462     0.460860     0.228376     0.118134    -0.111168
    0.127508    -0.193084    -0.433561     0.992069    -0.478851    -0.014607    -1.068233     0.127764    -0.899726    -1.355970
   -1.881917    -1.328086    -1.551593    -0.674310    -0.742433    -0.740980     1.796848     0.176808     0.129445    -0.871694
   -0.322933     0.490879     0.737075     3.145310     1.910410    -1.818974    -0.513751     0.463513    -0.669349     0.610299
    2.441705     4.207302     5.793848     8.458470     1.741630     1.276310    -1.315193    -0.634077    -0.142997    -0.442112
   -0.530287     2.482120     4.246533     6.210706     0.731781    -0.103835    -1.194548     1.237036    -0.830382     1.347129
    0.319733     1.022632     0.980045     2.534852     0.328621    -0.088402     0.532631     1.117852    -0.349585    -0.758341
    0.870747     1.462485     5.300547     6.882165     0.880521     1.840784    -0.357186     1.108611     0.319293    -0.518608
    0.560012    -0.670693     2.020743     1.717342    -1.935909    -0.194056     1.202196    -0.116088     1.323069     0.544820
    1.664787     5.510915     9.666063     9.803371     0.849822     2.382911     1.260083    -0.586579     0.448484    -0.772074
    3.127504     7.307372     8.205001    10.642499     1.521076     0.969791    -0.124986     0.945195     0.927550     0.512475
   -1.196188     2.409536     3.216301     4.422181     0.789975     0.158481    -0.759434    -0.705310    -0.040552    -0.334366
   -0.195322     1.948688     2.160517     2.863584    -2.059991    -0.784166    -0.412698    -0.324079    -0.894063     0.181765
    1.686379     2.537000     4.304724     8.071997     1.908113     0.065640    -1.611202    -0.142724     1.024999    -0.093848
    1.996728     2.597897     5.752262     5.096410     0.160815    -0.827138     0.026699    -0.444953    -0.415444    -0.900162
   -0.127012     1.194137     1.912101    -0.000002    -0.720830     0.599562     0.579668     0.253481     0.236869    -0.503261
   -1.210009     1.226196     0.172878     0.761223    -0.311144    -0.290277    -0.494226     0.499604     0.041079     0.674378
    0.271682    -0.997357    -1.881107     0.721967    -1.346042    -0.219652     1.161159    -1.307818    -1.472206     1.370848
    1.701276     1.607081     0.551737     2.346401     0.425856    -0.882631     0.899153     0.951854     0.315916     0.257013
   -0.310201     0.426418     3.202251     5.917601    -0.434915    -0.270712     1.133890    -0.073378    -1.174813     0.840839
   -0.856920     0.927269     3.254757     2.718697     0.017460     0.079164     0.583295     1.424800     0.252054    -0.330264
    2.335031     3.466768     5.464565     7.053665    -1.594612     2.486271    -0.058616    -0.964093    -0.050090    -0.887411
    0.560890     2.459797     3.688432     4.949948     2.082142    -1.680621     0.119831    -0.239028     0.213915    -1.224984
   -1.368818    -1.355412    -1.589902    -0.887410    -0.434796    -1.147406    -1.939382    -1.809200     0.776148    -0.067300
    1.299147     2.936538     5.219829     7.324821     1.176464    -0.898923     0.457089    -1.346599    -0.084796     0.742890
    2.347835     4.741876     9.018872    11.566992     1.533864     1.519859    -1.619674     0.457526    -1.035460    -1.152025
    0.136041     0.682359     2.459574     3.549999     2.200712     0.873825     1.243054    -3.214602     0.054771     1.654710
    0.878477     1.289644     3.277008     4.582715    -1.004846     1.851631     0.515702    -2.034427    -1.009320    -1.906944
   -0.504745     0.505471     2.205020     2.575088    -1.443000    -0.081892    -0.152269     0.206325    -0.835395     0.799782
   -0.911303     0.209850     1.191647     3.227059     0.517413     0.255341     0.479822     0.473773    -0.833828     0.256846
    1.272325     1.948274     3.791710     3.909339     0.345627    -0.656854    -0.687847    -0.136378     0.043680     0.029502
   -0.163292     0.177345     3.598263     4.565046    -1.232040    -0.582150    -0.275051    -1.009225     0.610331    -0.911261
    0.065348     4.135380     5.481306     9.417517     1.295607     0.860416    -0.247428    -0.085416     0.208347    -1.699086
    0.312332     0.338085    -0.075166    -2.224981     0.434086    -1.915959     0.800192     0.554455     0.347684    -0.088393
   -0.318747    -0.183097    -1.532633    -1.396524    -1.997242     0.860031     0.035270    -0.271551    -0.252973    -1.528414
    3.684338     5.900978     8.103832    10.999754     0.855014     0.401598    -1.578176     0.232252    -0.363199    -0.421252
    2.280865     1.284156     3.906190     3.025317    -0.705332     0.714426    -0.315156    -0.620969     1.360392     0.497346
    0.332661    -1.221066    -0.129076    -0.290726    -0.275544    -1.331160    -0.027336    -1.054780    -2.178754    -0.010911
   -1.429180     0.457653     1.608892     1.356940    -0.576962    -0.349712    -0.824483     0.771295     1.622508     0.615700
    1.413444     0.218059     0.288153     0.882404     0.666917    -0.576034    -0.233345    -0.385273    -0.323790     0.428327
    0.361302     2.386279     2.198756     5.528285     0.689391     0.303468    -2.093626     0.378447    -0.583177    -0.211825
    1.236045     3.373877     5.753204     7.730523     1.778313     0.299370    -0.979761    -1.236099     0.415670    -0.279238
   -1.753809    -2.441189    -2.843463    -3.440034    -2.518154    -1.377151     0.946643     0.529510     0.391256     1.429156
   -2.212935    -0.725350     1.098170     2.130678    -1.643075     0.206841     0.276674    -1.005403     1.015954    -0.666114
    0.583818     1.422558     2.470032     3.401158     0.711182    -0.448159     1.109997     0.267839     1.317995     0.708258
    2.500303     2.364808     2.512852     4.353285     0.169791    -0.378975     0.934745     0.355668    -0.444578     0.689793
    1.250558     1.751307     5.410832     6.405957    -0.124702    -0.487310     0.190793    -0.301865    -0.037747    -0.176313
    1.377611     3.883866     4.425283     6.125909     0.240203     0.701215     0.536051    -0.815121    -0.614717    -0.966671
    1.727898     1.662428     3.357931     3.257910     0.627625     1.082992     0.613856     0.261857     0.288553     1.263283
   -0.856579     2.284490     0.990975     1.587842     0.304050     0.380305     0.875713     1.149597    -1.100265    -0.441530
    0.180702    -2.959226    -1.581200    -3.102036    -1.889571    -1.400676    -0.485011    -0.084986     0.477182     1.499368
   -0.734761     3.034222     3.136397     4.084370    -0.856370     1.342099    -1.288237     0.640579     1.177502     1.067399
   -1.679210    -0.867622    -0.720147    -1.715889    -1.806456    -0.620596    -1.196260    -0.083742     0.415962     0.524851
   -0.700115     2.532496     1.067676     1.757026    -1.484566    -0.424747     0.158561    -0.328994    -0.591888    -0.871078
   -0.096375     1.200877     3.819284     3.765946     0.817401    -1.318747     0.825387     0.053753     0.904333     0.784260
    0.558301     0.807750     0.822829     1.470662    -1.435942    -0.653836     1.512298     2.351592     0.369410     1.472816
    2.310163     4.141626     6.182910     6.857799     2.118677     0.705013    -0.497878    -0.973803     0.538236    -2.026377
    2.370375     3.090591     4.420440     4.259062     0.202294    -0.292886    -2.230766    -0.374908     0.330508    -0.042394
   -0.857508    -0.248277     0.202746     1.221422     0.742509    -0.331955    -1.634493     0.009236    -1.078868     1.136488
   -1.525204    -0.573822    -0.708110     0.393370     0.011458    -0.889263    -0.221270    -0.997722     0.321993    -1.689535
    1.476777     3.426251     5.970128     7.175984    -0.642307     0.890788     1.158744     1.081339     0.353849     0.154785
   -0.018569     2.972189     2.323016     5.112101     0.850690     0.648898    -1.819108     0.456553     0.934355     0.499479
    1.923351     4.129508     4.537276     3.878793     1.933102    -0.341706    -0.072751    -0.011208     0.322236    -1.541861
    1.748529     4.080040     6.039701     6.996048    -0.766675     1.313510    -0.289744    -0.090555     0.700025     0.997929
   -0.021260    -0.234277    -0.285310     0.511513    -0.831804    -0.444033    -1.731472     0.337328    -0.096704    -1.412479
    3.546767     3.462114     6.818490     8.861538    -0.282443     1.156207     0.416274     0.081737    -0.233275     0.121480
    0.339819     1.314298     2.713191     4.766232    -1.088845    -0.404379    -0.632592    -1.102697     0.401093     0.153507
    0.917642     3.899151     5.977550     6.156671     0.085487     1.030523     0.256512    -1.033566     0.385375    -0.802614
    0.632643     3.036467     2.957206     1.266190    -1.842957    -0.768827    -0.795176     0.258762     1.812628    -0.430007
    4.039728     3.946663     6.604587     8.894533     0.300898     1.500690    -1.117918    -0.737365     0.143753    -1.509134
    0.769183     1.012019    -0.977348     0.969114    -0.175000    -0.889101    -2.234378     0.474936    -2.064195     1.135460
   -0.246288    -0.337273     1.638445     1.540119     0.030618    -0.840473    -0.110503    -0.996074    -1.279203    -0.051203
   -1.814184    -2.786535    -2.309051    -3.766604     0.170290    -1.256886    -1.288241    -2.149203     0.025593     0.697367
   -2.004222    -0.847686     0.680616    -1.690578    -0.591407    -1.097118    -0.407042    -0.048406     3.446497    -0.487826
   -1.480922     0.064101    -1.036552     1.471890    -1.451260    -0.151743    -1.516347     0.828195     0.511111    -0.970398
   -0.186160     0.933848    -0.025172     1.250626     0.174952    -0.897689     1.336963    -0.589157     0.793410    -1.294737
    0.315986     2.622121     3.259941     3.478883     1.261773    -0.420362     1.047921     0.502488     0.182144    -0.470086
    1.751768     6.067280     8.238469    10.172310     1.268747     1.347349    -0.585164     1.190498     0.359779    -2.280757
    1.862746     2.614792     4.466398     3.988156     0.265669     0.130859    -0.187106     1.373269     1.382735     0.302172
   -0.219970     2.572379     2.977644     3.744718     0.590806    -0.012520     1.670375     0.450627     0.148607     0.242839
    1.888338     4.839775     5.501287     4.858592     0.231200    -0.217110    -0.327371     0.616398     1.436185    -0.950011
    0.322669    -1.145583    -1.713285    -0.899120     0.451259    -1.817984    -1.315478    -1.186468    -0.744453     0.526036
   -3.322762    -0.612347    -1.761767    -3.460372    -1.080418    -2.012312    -0.577704     1.177455     0.982913    -0.992718
    1.786905     2.178284     2.688698     3.799126     2.796640    -0.635843     0.966705     1.122010    -1.431708    -0.497181
   -0.034123     2.461443     4.206237     5.002299     0.199531     1.651195     1.462899    -0.001043     1.343905    -0.444558
   -1.772206    -2.677072    -0.520705    -0.020107    -1.430769    -0.341792    -0.277693     0.908889    -0.000850    -0.140617
   -1.447023     0.124003     1.640584     4.544674     0.095413    -0.129884     1.533481    -0.191833    -0.986273    -0.787692
   -0.799147     0.226842    -0.793332     0.702672    -0.437497    -1.777537    -0.809941    -0.605766    -0.955392    -0.314747
    0.406265     1.303450     2.350094     4.842879     0.025749     0.572804    -0.519576    -0.905292    -0.417892     1.051927
    0.236414     1.624402     2.823807     5.803487     0.199591     0.910196     0.629045     0.857473    -0.931318     2.241370
    2.688678     4.213192     6.219675     7.825602    -0.752564     1.357141     1.701767    -0.566107     0.385680     1.066575
    0.014406     2.276318     3.481055     1.943019    -1.375632     1.140472     0.451260    -0.962917     2.288489     1.442458
   -1.365475    -0.936119    -0.040615    -1.547638    -0.712715    -0.743824     0.403536     0.727620     0.426268    -1.280871
    1.714765     1.557342     2.599260     2.757160    -0.048456     0.115591     1.072749    -0.807760     1.309064     0.906551
    0.701076     1.493466     2.449680     3.396745     0.084912    -0.956174     1.325956    -0.900867    -0.493317    -0.831282
   -0.180525     2.604567     3.853530     5.722822     0.255910    -0.208175     0.571911     0.568019    -1.705160     1.231949
    2.527447     3.332413     3.331923     5.124854     0.373055    -0.285448    -0.506336    -0.001608     0.272108     1.270821
    1.036050     4.108234     4.467544     7.137607    -0.348325     0.877593    -0.310371     0.720273    -0.505904    -0.750811
   -3.039860    -0.842783     0.369682     1.600417    -1.123697     0.047466    -1.674857    -1.729506    -0.220911    -0.439292
    0.257560     0.321555     2.926185     2.237785    -0.422998    -0.582468     1.097967     0.325271     1.078089    -0.539516
    1.214743     1.594626     1.708263     1.188242    -0.423132    -0.115095     0.584938     0.583175     0.217547    -0.707955
    3.863062     5.854045     5.669015     9.758836     0.348125     0.688688     1.399419    -0.592580    -0.722822     0.640551
   -0.001063    -0.819702     0.827802     1.777013    -0.373477    -0.318128     1.032391    -1.601553    -0.654123     0.129621
    0.536149     0.492664    -0.287727     2.609582     0.465766    -0.145566    -0.630027     1.066667    -0.560839    -0.090369
    0.144083     1.758888     2.775412     3.434918    -1.384739     0.482346    -0.631512     1.244375    -0.365172    -2.257475
   -0.222679    -2.370154    -0.916655    -1.088910    -0.629859    -0.239891     0.852366    -0.042337     0.154442     0.564902
    1.236922     1.461525     2.326267     5.485680    -0.685547     0.162129     0.794752    -1.204451     0.064691     0.603027
   -0.003721     0.871145     2.473770     4.039614    -0.498015    -0.435665     0.379896     0.703003     0.706454    -0.895236
    0.459283     0.379557     1.833591     3.727922     1.103897    -1.585701     0.315401    -1.601486    -1.032901     0.426824
    1.645762     1.172528     2.026843     1.905678    -0.300291     0.736980     0.219149     1.748031     0.278780    -1.189980
    2.497241     4.270251     7.034986     6.501919     0.698352     1.842353    -2.575769    -0.113585    -0.138228     1.506472
   -0.590443     0.369069     0.756779     1.612259    -1.497829    -0.341710    -0.180457     0.188633     0.399196     1.900703
    2.286974     2.696825     3.858960     6.966387     0.577936     1.284154     0.476927    -0.687063     0.032201    -1.244180
    1.381395     0.955528     2.340136     5.120733     0.184789     0.158504     1.111934    -0.327780    -0.213487     0.524105
   -1.795105    -0.818637    -0.376573    -0.734380    -0.801586    -1.113781     1.219478     0.696355     0.908824     0.857314
    0.939028     0.622255    -0.831866     0.320952    -1.608086     0.597767     1.389836     0.939399    -0.396579    -0.281861
    1.507794    -0.394768     1.456498     3.171884     0.455898     0.142055    -0.045464    -0.003539     0.403986    -0.554240
    2.186003     4.492687     5.607964     7.046137    -0.134347     0.503916    -0.028398     0.880913     1.429987     1.198950
   -3.145150    -3.076360    -1.705336    -0.938309    -0.358182    -1.903835     1.254103     1.281521     0.311149    -1.682312
   -0.502591     1.120877     3.206647     2.410866     0.061128    -0.443325    -0.274500     0.629820     1.966395    -1.058043
    0.285137     1.911491     2.421455     2.588740    -1.588813    -0.623698    -0.725272     0.211983     0.651838    -0.132376
   -0.482563    -0.560349    -0.056279     2.825589    -1.393418    -0.170789    -0.243398     0.328280    -0.576127     1.204063
    0.191055    -0.746354    -0.080823     0.637497     0.618994    -0.231698     1.471730    -0.112196    -1.985575    -0.060088
    2.318605     1.593805     4.171533     4.834771     0.113724     0.863690    -0.463747    -0.458805     0.681273     1.745993
    1.720561     1.840561     2.999703     4.132022     0.405649    -1.184037    -1.784175    -0.742336     0.733682     0.334985
   -0.510742    -0.134457    -0.220174     0.281413    -1.601804     0.795761     0.269403     0.332709    -0.561752    -1.514102
    1.495671     3.181692     5.491212     8.037363     0.910384     1.390534    -0.251007    -0.401547     1.110387     0.516539
   -2.796960    -1.252087    -1.285025     0.314963    -1.171402    -0.246361     1.052570     1.154464     0.405059     0.827241
   -0.543624     0.306199     3.245934     2.321060    -0.550965     0.196669    -0.050148    -0.150895     1.492655    -0.210692
    0.927250     1.697745     1.570609     3.448950    -2.030386     0.616724    -1.915725    -1.718177     0.824248     1.400695
    0.511758     2.075708     3.205224     4.382100     0.904489    -0.279325    -1.511818    -0.145680     1.409956     0.464024
   -0.018535     2.177089     3.011297     6.651027    -0.619648     2.111484     0.646076    -0.481519     1.018467     0.468708
    1.154572     0.301914     1.009752     2.894763     0.143253    -0.263104    -0.109381    -1.965316    -0.613336     0.997694
    2.648875     5.341120     8.464337    10.409753     1.161004     1.613832    -0.290326     0.187596     1.384870    -0.748909
    3.531356     6.959584     8.616382    10.417322     0.663657     2.833480     0.372345     2.342492    -0.434140    -0.417201
    0.200255     5.594392     4.844909     4.944049    -0.545217     0.908804    -1.280676     0.825494     1.048601     0.131879
    0.990577     1.168743     2.023400     1.547940    -0.769437     1.163812    -0.183340     0.506170    -0.484407     1.208581
    1.128254     0.798118     1.410084     3.134588    -1.873049     0.212270     0.845568    -0.167680     0.164845     0.589074
    4.416728     6.813364     9.121746    11.604348     1.071937     2.194374     0.785380     1.896007     0.720723    -1.078816
    0.493595     2.596077     2.442677     4.122644     0.302768     0.287420    -0.360161    -0.050073    -0.892197    -0.932376
    1.231742     3.000361     5.241168     6.528710     0.578029     0.051865     0.052729    -0.049815    -0.144604     0.377027
   -0.544898    -0.121652     0.563683     1.584088    -0.531713    -0.882813    -0.193484    -1.737782    -0.914267    -0.536697
   -4.185177    -2.403724    -2.997198    -0.405009    -2.164074    -1.460004     1.066293     1.627554     0.802872     0.356289
    1.009016     3.070070     2.625975     3.150586    -0.242627     0.765303    -0.399453     0.131582    -0.072962    -0.455606
   -0.170851     0.691878     0.254152     1.011035    -1.399025    -0.106392     1.429751     1.606734     1.192948     0.141494
   -0.234800     0.245852     2.594056     1.814814    -0.739371    -0.676596     0.026646    -1.767914    -0.184522    -2.177519
    2.048756     1.682347     4.496878     6.267767     0.330264     0.969365     0.306174    -0.520867     0.002532     0.288015
    2.320217     3.948122     3.793157     4.524630     2.276221     0.885455    -0.567016    -0.668154     0.430114     0.477605
    1.499876     2.235013     2.444307     5.069404    -1.176470     1.002991     0.431778    -0.239051    -0.333702     0.103419
   -0.042095     1.801919     2.667549     3.717877    -0.065333     0.633945    -1.475855     0.508353    -0.032655     0.421362
    1.683258     3.945984     5.037721     5.887462    -0.368574     0.895694     0.756403     1.121359     1.195699     0.313999
    0.483282     3.044703     5.261495     5.554932     0.237792     0.614126     0.536670     0.547233     1.747046    -0.899756
    1.813720     3.920937     5.488298     7.751284     0.816890     1.412257     0.270141    -0.011973     0.089793    -0.971847
   -0.420139     1.819401     1.703397     3.644532     1.500555    -0.895769    -0.227677    -0.343169    -0.146859     0.567253
    0.650869     1.225819     2.109225     1.760282     0.725309    -0.892914     0.552991     0.684563    -0.517515    -0.588876
    1.887747     3.003586     4.334955     5.145027     1.220822     0.755316     0.554508    -0.061169     0.506972    -0.221886
    0.264329     1.066945     3.372855     6.178875     0.277641    -0.868885     0.687529    -1.435960    -1.398048     0.030670
   -1.866579    -2.452204    -1.508902    -2.213060    -2.104177    -0.121008    -0.803905    -0.513365     0.108915     0.201998
   -1.626167    -0.301422     0.420172     3.913547    -0.392428    -0.316541    -2.045520    -0.474454    -0.418096    -0.117879
    3.988018     3.263550     6.632200     8.196532     1.417498     1.440391     0.728678    -0.775095    -0.906073    -0.909401
   -0.266809     2.092520     0.709172     0.484037    -0.811927    -0.173743     0.351143     1.745555    -0.147072    -2.310811
    1.890005     3.937596     3.958876     6.086239    -0.582754    -0.284329    -1.763325    -1.562911    -1.704775    -0.060931
    1.444088     3.109659     4.478036     6.701187    -0.318675     1.786939    -0.344260     0.869894     0.583624     0.015256
    1.539671     3.396838     4.470478     5.837796     1.598368    -0.487821    -0.254067     0.335544    -0.589080    -0.166893
    0.709714     1.417437     0.834457     3.039059     0.352477    -0.854159     1.099143     0.802608    -0.581288    -0.278802
    2.529479     4.832378     8.053759     7.360429     2.056175    -0.622932     0.927082     1.052757     0.699874     0.489887
    0.245450     2.475040     5.794413     5.627796     0.576256     0.543779    -0.091788    -0.462391    -0.086469    -2.016800
   -0.274762    -0.985562     3.799729     3.949697    -1.733896     1.129505    -0.332866    -0.566979     0.860259     1.231905
    1.098987     2.037338     3.799014     4.478132    -0.343880     0.109579     0.233438    -0.739023    -0.821941    -2.072367
    0.648862     1.205981     0.390713     2.673276    -0.795621    -0.455940    -0.441305    -0.092025    -0.770078    -0.861521
    0.377879     1.592482     1.937278     2.601142     0.105128    -0.156373    -2.113109    -0.463401     0.507187     0.502596
   -0.491679    -2.099937     0.374635    -1.490600     0.683308    -1.688898    -0.553152     0.107866    -1.416231     0.109799
    2.015019     5.716993     4.887119     6.381194     0.677125     1.505114     2.112866     1.978373    -1.116935     1.190513
    0.233660     3.266393     4.990533     7.487930     0.962256     1.531233    -1.402509     0.504328    -0.069507     1.115900
   -0.390510     1.854156     4.888718     5.686935     1.032019     0.140666    -2.097386     1.237689    -0.135907    -0.565626
    2.359031     2.278557     1.661203     1.373390    -0.974273     0.040333    -1.059013    -1.984733    -0.474126    -1.497990
    0.645672    -0.301943     0.398042     0.962277     0.925752    -1.763561     1.147162    -2.294817     2.258343    -0.183893
   -1.479158    -1.214809    -0.649664     0.130289    -0.432064    -0.510646    -0.517626    -0.303722    -0.054075    -0.298234
    0.384021     3.357694     5.028517     5.057566     1.430429     0.995034     0.599941     0.532337     0.973297    -1.301652
   -0.145323     1.086451     1.085478     0.883658     0.428053    -0.882310    -0.476157    -1.108422     0.826742    -0.208236
    3.044251     4.355699     4.201316     3.879945     2.288196    -0.530579    -0.265347    -1.019820    -0.652401    -1.453905
    0.207861     0.190200     1.408294     1.303247     0.547562    -0.395498     0.781722     1.001793    -0.405517     1.809420
    0.194386     2.526182     3.655629     6.713963    -0.680433     0.382094     1.549475     0.400598    -0.393248    -0.268354
    0.391035     2.324968     3.382496     5.521245     0.167477    -0.310125    -0.390317    -0.444756    -1.353820     0.817141
   -0.875860    -1.559707    -1.155208     1.070876    -0.223202    -1.577931     0.648492    -0.588882     0.604763     1.519693
    0.675588     5.750529     6.588033     8.889369     0.048000     1.463520    -1.000919     0.382756    -0.879325    -1.124196
    1.275004     2.337349     2.169468     2.812799    -0.453248     1.494700    -0.311116    -1.029406    -0.291566    -2.187520
    2.695268     2.540072     3.901189     6.256730     0.775420     1.413055     0.477614    -0.306000     0.006870     0.354976
    4.229098     6.187000     5.202526     9.389969     0.502920     0.672748     0.687579     1.461135    -2.223270     0.290505
   -0.500006     0.889807     3.946982     2.955480     0.690027     0.583457    -0.495752     0.515799    -0.143608    -1.865600
   -1.291712     0.431211     1.527050     1.689411    -0.590561     0.229240     0.320261    -1.151973    -1.127671    -0.361316
    0.007545    -0.413046     0.629732     1.125616    -0.492059    -0.574282     0.604308    -0.287046    -0.311930     0.052040
    0.851324     0.977258     1.153916     2.381367     0.776861    -0.945959     1.390601     1.071262     1.104622    -0.850727
    1.386073     3.276250     6.103328     9.793521     0.816303     2.171316     0.963713    -1.525479    -0.316700    -0.262896
   -1.438670    -1.190942    -0.701190     1.761502    -0.538355    -0.402215    -0.122897    -1.558151     0.399180     0.917957
    3.861614     5.937702     8.308480     9.013628     0.368281     1.063304     0.873360    -0.280681    -0.756586     0.141504
   -1.041958    -2.464265     0.568536     1.455535    -1.557531     0.193635     0.029092    -2.508145    -0.162713     0.140480
    1.736132     1.012658     2.470746     1.481670     1.004342    -0.253692     1.162556    -1.759420    -0.291773    -1.199318
    2.143219     4.007287     4.973720     6.360357    -0.016378     1.362621     0.440932     0.071229     0.239021     0.026282
   -0.266040     0.654302     3.628799     2.069674    -0.581668    -0.104083     0.177379    -0.387654     2.156908    -0.862705
    0.926410     1.473922     3.185823     5.949596     0.014231     0.432013     0.738634    -1.949572     0.757435    -0.072797
    1.502424     2.869251     6.072055     8.220206    -0.384279     1.668237    -0.658536    -0.489820    -0.283331    -0.636016
   -3.815163    -2.289164    -1.325352     0.688689    -1.987583    -1.359523    -0.781358    -0.733930    -0.188612     1.635135
    1.383907     3.590401     3.453756     4.254563    -0.581931    -0.347448    -1.206356     0.417092    -0.320726    -0.357417
    1.809927     1.184291     1.157305     2.354346    -0.466763    -1.338428     1.210996     1.342128    -1.662243     0.710659
   -0.083759     1.545751     0.955954     3.763458    -1.244578     0.033572     0.733816     0.792784    -1.921481     1.377358
    0.713392     2.664612     1.845277     3.649332     1.011829    -1.050970     0.101463    -0.775550    -1.407983    -0.347326
    0.161952     0.553614     1.943331     1.706377     0.543502     0.098508    -0.166716     0.407914    -0.368906    -2.156973
    2.884309     4.502909     8.116003     8.245134     0.409075     1.236299     2.069597    -1.500456     0.947510     0.788888
    0.438835     0.147368    -0.573063     0.843446    -0.855744    -1.020826     1.034570    -0.292692    -0.022724     0.518085
    0.853991     2.502050     6.254312    10.624745     2.332625     0.813633     0.425525    -1.166586     0.006759     2.118822
    1.246349     2.659205     1.098945     2.871521    -0.302955    -0.465280    -0.383639     2.766019    -2.412306    -0.639317
   -0.553220     1.232605     2.705197     3.525662    -0.368615    -0.356793    -1.294308     1.153902    -0.066381    -0.081812
    0.998295     1.234354     2.707694     5.347774     0.627259    -0.433588     1.471451     1.257744     0.208789    -0.599756
   -0.766175     1.483516     2.734082     3.524094    -0.053822     0.199096     0.660209    -1.160570     0.050261     2.044667
   -1.931755    -1.668969    -0.963265    -0.489003     0.403350    -1.272712    -0.603643    -2.242285    -0.010943     0.495613
   -1.246737    -0.486802    -0.801464     0.367248    -1.873224     0.411290    -0.173847    -0.119889    -0.164485    -1.081741
    1.852034     1.676833     1.697709     1.839339     0.079601    -1.713613     2.703873    -0.498616     0.139705    -1.380651
    0.869202     2.382876     3.769520     5.326364    -0.465665     1.161616     0.955651    -0.863358     0.691050    -0.682423
   -0.594424     1.673664     3.077929     3.080913     0.030385     0.787882    -0.117674    -0.849503    -0.369574    -0.985272
    3.095708     5.539578     4.632887     8.372783     1.340348     0.642758     0.603666     1.417772    -0.462497     1.044638
    0.902890     1.898722     0.904778     4.234020     0.557773     0.079077     0.182328    -0.474635    -1.109641     0.110821
    4.085451     6.069403     7.654009    11.260355     0.085466     3.175974     1.454611     1.371871     0.401128    -1.854245
    0.358873     0.257609    -0.573252    -0.267390    -0.958723    -0.169742     0.396315     0.447002    -0.977722    -0.191465
    2.299235     4.861164     7.400071     7.981973     1.130186     0.460737    -1.243792     0.118378     0.111383     0.253840
   -2.139948     1.117584     3.484938     5.420619     1.249958     0.792189     0.264548    -2.526000     1.782962     0.662133
    1.637615     0.204984     3.118278     4.372934    -1.659216     0.218877     0.339873    -1.320576     1.100760    -1.546233
    0.219213     1.071870     1.283848     4.811314     0.038217     0.363904     1.393952    -1.412654    -0.897702    -0.133630
   -0.536916    -2.124642    -1.773017    -2.437507    -0.432754     0.011807    -0.122845     0.283664     0.295010    -2.154053
    1.441471     2.830123     4.676171     5.758211     1.430806    -0.554421    -0.296704    -0.948967     0.192954    -0.444175
    2.046587     3.617583     2.886140     3.836909    -0.972038     1.411119     1.996372     0.910649     0.632006     0.240669
    2.307733     1.299672     2.006388     3.299977     0.001684     0.081932     0.211248    -1.599170    -0.144519     0.254905
    1.526375     4.226299     5.359952     5.622634    -0.584726     2.004510    -0.236687    -0.404942    -0.504610     1.476342
   -0.317283    -1.235122     0.832749     0.532760    -0.582808     0.647763     1.565298    -0.754247     0.261955    -0.208495
    0.060847    -0.753521    -1.696273    -0.810163     0.194898    -1.580877    -0.108339    -0.600384    -2.463185     1.405967
    1.728918     2.562651     6.014308     8.814331     0.595976     1.551943     1.292993     1.129992    -0.368241     0.305964
    0.123037     3.271789     3.632721     5.549216     0.536650     0.007046     1.395341     1.718584     1.339908     0.535206
    0.205229     3.636974     3.421968     6.091027    -1.106096     1.816370     0.794016     0.446962     0.420011     0.763763
   -0.280293    -0.583833    -1.264803     1.060271     0.130957    -1.950607    -0.240638     1.687690    -1.450902     0.600328
   -0.197569     0.057216     3.681239     4.742133    -0.060682     0.189420     1.398440    -0.014691    -1.620379    -0.922800
   -1.198098    -1.615773     0.126261    -0.051846    -1.517233     0.019322    -1.410896     0.227628     0.470110    -0.946777
    1.054781     3.724531     3.512099     4.024470     0.147063     0.657800     0.219785     1.119743    -0.331631    -0.527396
    0.844484     0.636302     0.835914     2.227852     1.394070     0.119684    -0.345864    -1.397588    -1.303582    -0.955938
    1.567278     3.578138     6.405758     8.946455     1.304753     0.339054    -0.584703    -1.109031     1.246797     1.502243
    1.263433     2.293519     2.445858     5.773141    -0.985691     0.559885     0.477646     1.027440     0.873552     0.144556
    0.621298     1.483366     2.033206     2.453053     1.141125    -1.380233     1.293105     1.292880    -0.216697     1.053654
    1.342243     1.773235     2.225335     0.824417    -0.879856     0.413293     1.391822     0.486700     0.851038    -2.736187
   -0.292041     0.543628     1.510062     2.642154    -0.552576     0.879289    -1.694563    -0.884220    -1.085278    -0.263421
    0.047996     0.891502     1.852358     3.361143    -0.723257     0.021923     0.261913     0.130585     0.335194    -0.679839
   -1.311399    -0.123999    -1.270531    -0.562873     0.731085    -1.163912    -0.694090    -0.042030     0.383017    -0.242564
