   -1.021226    -0.104830    -0.307587    -0.868996    -2.378442     1.550977     0.803662     1.676848     3.407455
    2.100917     1.405947     2.108345     3.046427     4.343335     5.335480     4.875289     6.595561     5.552436
   -0.946626     0.518728     0.608956    -0.381372    -0.307273     0.449317     1.025975     0.716484     0.280241
   -0.929775    -2.339359    -1.021934    -1.176620    -1.173151     0.334635    -0.620293     1.643282     1.195957
    1.556432     0.494833     0.749323     2.232137     2.489158     5.254613     0.816667     2.357596     3.826227
   -1.391544    -0.264442    -0.874880    -0.572575    -0.131344     1.910335     0.115924     1.913126     2.374086
   -0.498409    -0.211443    -0.339768     0.616012     0.552362     1.225180     2.707556     2.707632     2.815041
   -0.226076     1.679672     2.317338    -0.420291     3.632096     3.749483     0.761723     1.822573     3.169406
    1.088159    -0.314633     0.647186     0.824577     1.977687     1.435797     1.633033     1.590263     2.652864
   -0.492825    -1.511544    -0.601990    -1.022424    -0.346791     0.249082     3.358447     2.214957     1.675199
   -0.264274     0.407843     0.251060     0.859016    -0.133614     0.947269    -0.220786     0.549976     2.844152
   -0.371405     0.541373     0.795517     2.262998     1.679725     3.649279     4.065871     2.510786     3.991864
    0.807718     1.044543     0.983498     0.166247     0.092445     1.827833     1.494985     1.883194     3.783529
    0.236687     1.350311     3.394589    -1.225742     1.233028     2.321804     0.832216     1.912317     2.738041
   -1.900504    -0.994448    -0.821768    -1.653239    -1.250872     0.392612     1.759103     3.231571     2.319823
   -0.510511     0.816688     1.279412     0.959232     1.283800     0.493575     1.924443     1.051354     2.127392
    1.756370     1.703671     1.612643     1.518295     1.935535     3.799942     2.535529     2.999524     4.135358
   -1.830103     0.915973     0.453118    -1.546518     0.577258     0.066576    -0.742669    -0.180461     1.325268
    0.712262     1.723205     0.663868    -0.856702     0.931456     0.787906     1.769232     1.838716     3.058843
    0.621996     0.649937     2.197984    -2.145213     0.538309     0.842963    -0.605730     1.216941     0.226203
    1.908728     2.223058     2.722059     1.134591     2.383596     2.524677     4.202376     3.008057     3.717689
    0.374508     1.959067     1.761070     2.466979     2.236161     2.737507     2.542968     1.307206     1.046746
   -2.555187     0.762738    -1.345143    -0.964480    -1.360941    -2.084011     0.593091     1.263807     0.693423
   -2.921934     0.237993    -0.261627     0.497734     0.881354     0.193380     0.059336     1.166392     2.018734
    0.961240     1.826868     1.318969    -0.662335    -0.049273     0.962949     1.191061     2.673845     2.030361
   -1.106807     1.176750     2.105503     0.333254     0.373460     0.126059     0.857745     2.158640     3.038624
   -0.803128     1.390646     1.116009    -0.710477     0.249228     1.062644     0.394643     1.091245     2.523941
   -0.140001    -0.050808     0.373143     0.806804     1.732796     2.719245     2.441191     3.475557     3.133520
   -0.130439     0.311896     1.800558     1.648237     3.554457     3.242201     3.453517     4.001514     5.032161
   -0.666613    -1.328230     1.077752    -0.306525     0.273774     3.406659     0.772831     0.824025     1.117112
   -0.076512     1.256078     1.578766     1.567835     3.533232     3.633064     2.050750     3.298309     2.615768
   -1.353281    -0.820696    -1.155792     1.497526     1.177105     0.655217     2.732514     1.680790     1.983335
   -0.251213    -0.502893    -0.682259     0.178798     0.218359     0.587983    -2.138979    -1.421597     0.640443
   -1.738870    -1.366567    -0.235848     1.094514     2.350688     1.850897     1.160398     2.992928     2.677756
    1.554293     2.295372     3.443145     0.517918     2.034624     2.329664     2.883208     4.228568     4.811258
   -1.144892    -1.507158     0.085678    -0.795174     1.392520    -0.551531     3.564385     4.077966     3.266380
    0.172323    -0.204205     0.465674     3.226288     2.806475     3.905425     2.422372     1.623602     2.794587
   -0.382682    -0.620616     0.691484     1.747410     2.844086     3.401416     1.548646     2.194004     2.446066
    1.687549     1.867796     3.144202     3.613590     2.482339     5.088295     2.474536     2.603784     3.620387
   -0.616176     0.302628     2.096641     1.892646     2.637987     2.422686     3.334255     4.988455     3.111021
   -2.459045    -1.419778    -2.303470    -0.149801     1.247602    -0.035187     1.605776     2.541369     1.166701
    0.958916     0.935019     1.471809    -0.620562     1.259572     1.007296     0.104843     1.201809     2.064712
   -3.140795    -3.782474    -1.167227     0.746726     0.593882     0.505482    -0.314331     1.700344     0.241449
   -0.507569    -0.243285     1.154152    -0.633422    -0.698195     0.187321    -1.526621    -1.139020     1.082802
   -0.227231    -1.734063     0.343294     0.210095     0.505039     2.297815     1.015235     1.827890     0.954009
   -1.967000    -1.798262    -2.283205    -0.153744     0.391932     0.913704     1.524811     0.989572     2.006088
    0.240845     0.780871     1.425962     0.818652     0.895020     2.227845    -0.393339     0.010503     0.238204
    0.596078     0.612801     1.259376     0.754189     2.966883     2.497739     0.858761     1.504970     3.067039
   -1.617907    -2.064046    -1.189425     0.653334     0.528076    -0.134410     0.230577     0.104830     0.449126
    0.570798     0.616895     0.667125     2.832245     4.302978     4.342868     2.558717     2.622528     2.603173
   -0.934412     0.447870     1.850131     3.262208     5.289012     4.193413     5.908010     4.487555     4.830073
   -2.981763    -3.503498    -1.239926    -2.679822    -0.912319    -2.129885    -0.525393     0.443265     1.594858
   -1.045879    -0.266915    -0.857826    -1.057004    -0.825138     0.593382     2.054551     2.429208     1.590888
   -0.032553    -0.114736    -0.519749     2.209327     1.550381     3.488112     1.643592     2.760676     2.890165
    0.664351     1.774151    -0.444508     1.150884     1.896171     2.950578     2.168989     1.256380     4.446063
   -1.105103     0.524440     1.651609    -0.245926     0.842838     1.448531     0.919645     3.368884     2.574112
   -2.524850    -2.652863    -1.652299     1.210321     1.500843     1.186381     0.810073     1.654089     1.513670
    1.445030     1.879017     1.529082     2.867319     1.666283     2.314895     5.126430     4.246369     4.681900
   -1.173500     0.334587     0.407572     0.034920    -0.066649     0.065054    -0.327510     0.992004     0.885237
   -1.021304    -0.127085    -0.100074     1.699999     1.970641     1.554328     1.556589     2.836730     1.888081
   -1.702343     0.534626    -0.188556     0.310797     1.462406     2.053811     3.186450     3.168533     5.082128
   -1.312779    -1.860740    -0.665185    -2.088500    -0.185605    -0.625607    -1.244588    -1.371819    -1.298544
   -0.314920     0.723184     1.098040     1.216796     2.167672     1.003152     3.407969     3.488723     4.587994
   -0.464343     0.862777     0.667961     0.393292     0.610322    -0.185046     0.987869     1.211401     0.729245
   -0.468718    -0.641529    -0.182497     2.057576     1.818130     2.987011     4.096229     3.956193     4.566133
   -0.704735    -0.235220     1.365343     1.111923     1.951219     1.574912     1.989003     1.994933     3.002877
   -0.565944    -1.687263    -0.387480     0.778851    -2.233919     1.325676     0.668100     1.327310     2.482359
    0.718198     2.125934     2.888453     0.456823     0.695593     1.153455     2.717047     1.751283     3.940667
   -1.133004    -1.837926    -0.796760    -1.104599     0.542426     0.307703     2.715604     1.772650     1.943773
   -1.036663    -0.916569    -0.720909    -1.641579    -0.339382    -0.412755    -0.832847    -0.806774    -0.242482
   -1.484535    -0.774630    -1.154858     1.471786     1.357010     2.583721     1.879805     1.806419     1.893692
   -0.162741     0.396732     0.551422    -1.767620    -1.358493     0.496563     0.578976     1.715573     0.657108
   -0.174731     0.293853     0.462299     1.893341     0.943184     1.331603     3.038471     3.447330     3.647703
   -0.395053     0.179251    -0.776962     0.113139     0.439286     0.840403     0.592638     1.368659     1.319460
   -0.688804    -1.139525     0.068240    -0.178439     1.203505     1.879916     1.818063     3.117519     3.452261
   -1.631011     0.307344    -0.228456     0.829537     0.004971     2.371191     5.211385     3.849346     3.769562
   -0.403030     1.762143     1.661298     0.476205     1.685517     1.576134     2.664071     3.699729     3.818967
    0.523082     0.011603     0.064600     2.004443     2.012736     3.452397     1.977431     3.417529     4.330435
    0.216726     0.526978     1.361421     0.224599    -0.944843     0.946402     0.669310     1.322073     1.174009
   -2.553437    -1.362705    -0.313942    -0.788539     0.202669    -0.289006     0.360645     0.744469     2.197151
   -1.699393    -0.525559     0.337927    -2.799162    -1.899190    -0.294259    -2.221444    -0.824732     0.342467
   -1.131101     0.459015     1.125330     0.622563     1.719140     2.058254     3.827079     3.443397     4.120738
   -2.079815    -1.644320    -1.399162    -1.122848    -1.099424    -0.315743     0.150527    -0.026103     0.629750
    0.443816     0.685512     2.517967     1.590120     2.450476     2.914339    -0.530515     0.434707     0.410254
   -2.141833    -3.208257    -1.012422    -0.377892     0.477738     0.551617    -0.412241     0.395265     1.059126
   -0.015589    -0.286823    -0.592559    -1.119733     0.383242     1.805027     2.943990     2.218727     1.977738
   -1.061903    -0.944924    -0.507001    -0.181590     0.055086     1.313439     1.241529     2.700534     2.510209
   -0.275553    -1.596588     1.190361     1.729937     0.403363     1.931696     0.020472     0.758921     1.794081
   -0.519359    -0.108469     0.688514     2.535475     1.095144     1.961102     0.102869     1.441624     0.541470
   -1.895042    -1.659102    -0.933500    -1.528899    -0.303214    -0.172791    -0.024710    -0.032850     1.209942
   -0.409818    -1.096020     0.581538    -0.373707     0.165622     1.480821     2.123996     3.464277     2.733427
   -1.309405    -0.638504    -0.253813     0.412462     0.092521     2.122239     1.891570     1.971853     5.105206
    0.647800     0.530521     1.734925     1.035778     1.810080     3.416551     0.459602     3.376500     2.909174
    2.385897     2.352795     2.596168     3.114922     3.735806     4.692626     4.243947     2.662354     3.400074
   -2.301440    -0.551214    -0.799187    -2.452016    -1.375187    -0.325309     0.347879     1.523981     0.827785
    1.314562     2.035494     2.513522     3.177365     1.519174     4.606192     4.290048     3.137561     3.594779
   -1.565214    -2.506370    -0.766730     1.075320     1.497583     1.105158     1.606355     2.059476     2.658235
   -2.347807    -2.647289    -1.749716    -1.728475    -0.217901    -0.039521     0.595617     0.977025     0.944592
   -1.071470     0.295889     0.706839     1.842707     2.626524     3.123567     1.751629     4.032419     5.097548
   -1.463437    -0.207200     1.239215    -1.487380    -0.821529    -1.302209     0.191743     2.595826     1.582598
    1.570585     0.309107     1.607103     1.082365     1.711051     2.397772     1.706733     2.423270     2.152260
    0.657643     1.204094     2.148620     1.598744     2.265471     4.198421     2.065914     2.443310     3.246766
   -1.367513    -1.957318     0.689410    -1.043381     0.534070     0.453697     0.079671     1.935630     1.838628
   -0.672068     0.330883     1.600187     0.171666     1.912055     2.135971     1.013032     2.379983     2.121036
    1.924083     2.414554     2.300414     1.082289     1.704049     2.716393     2.889673     2.849589     1.642344
   -0.813088     0.451064     1.041709     0.568907     1.135579     1.471330     2.600393     4.431912     2.550914
   -1.682954    -1.413822    -0.667343     1.405717     1.228522     2.661189     0.758902     1.581746     1.885259
   -1.821706    -0.833933     0.394071     1.008708    -0.993664     0.836109     2.602343     2.171735     2.818771
    0.938617     1.419570     1.635359    -0.834126     0.792709     1.425592     1.507209     2.661944     2.123806
   -0.901310     0.569086     0.112256     1.292173     1.522948     1.753760     1.483176     2.668443     1.028742
   -0.745331    -0.494739    -0.415175    -1.315293    -2.178583    -1.549438    -0.642195    -2.002383    -0.716238
   -2.188759    -1.386488    -2.191400    -0.782214    -0.546580     0.045185     0.676617     2.298982     3.633543
    0.032189    -0.144316     1.467465     0.178614    -0.064596     1.942851     2.058809     2.516556     2.699885
   -2.233019    -1.333272    -1.660939    -0.662931     1.399098     0.734243     3.387449     3.183839     4.225428
    1.649942     1.186914     2.994399     2.148593     3.826889     3.683180     4.018156     5.158998     5.430388
   -1.063118    -0.093318     0.536740    -0.483501    -0.285345    -1.202320     0.315400     0.678479     0.018409
   -2.275210    -0.698922     0.812126    -1.537089    -1.065373    -0.767147    -3.100879    -1.532947    -0.615048
   -0.927840     0.694516     1.309155     2.133248     1.516937     2.420548     3.407356     2.108851     1.937830
    0.621732     0.465957    -0.476506    -0.034495     0.366171     1.074526     1.856505     3.602290     4.363962
    0.139720     1.942103     2.686452     1.986359     2.842131     2.418078     1.625855     3.022250     3.527092
   -0.020047     0.267652     1.673871     1.785233     3.131807     3.506770     5.191639     6.407845     4.809350
   -1.136608    -2.448587    -2.504730    -1.035569    -0.210483     0.621175     2.283876     0.271949     1.555838
   -1.669869    -1.354933     0.684621     0.603573     1.285798     1.275069     1.870107     2.540007     1.966972
   -1.082695    -0.471639     0.259964    -0.102410     0.032960     0.199721     1.400880     2.424284     2.515845
   -0.908644     0.008129    -0.293510     1.047281     2.138523     2.406090     1.113096     1.286070     1.551570
    0.023931     0.670930    -0.360068    -0.547812     0.406788     0.011102    -0.491541    -0.071044     0.193482
   -1.042522     0.363739     0.490475    -0.303546     0.793767     2.741575     4.685355     4.033804     5.153729
   -0.760601     1.022857     1.724947     2.618391     2.692802     3.398786     4.220498     4.669797     5.540672
   -1.105119     1.125335     0.850604    -1.056795     0.045032     0.286699     0.114481     0.583216     1.648173
   -1.671076    -0.127154     1.469202     0.719882     0.096919     0.198534     2.294182     2.831289     4.213173
    1.995791     1.891842     1.939124     1.725511     1.980075     2.271354     4.514251     3.515143     3.991201
    0.074706    -0.004144    -0.804455     3.087192     4.162633     4.514095     1.563065     2.371126     3.001487
    0.533214     1.341634     0.423693     2.797336     3.148535     2.817920     4.425402     5.351222     6.033308
   -4.554286    -1.181499    -0.741500    -0.351475     0.921066     1.572482     1.722184     0.021605     1.005803
    1.276009     2.311906     2.330584     0.340276     2.565384     3.345579     0.055722     0.593232     2.285669
   -3.388289    -2.922892    -1.446000    -2.442846    -1.753857    -1.655356     0.581571     0.772856    -0.050826
   -1.404916    -0.013852     1.260818     0.497363    -0.373524     0.365740    -0.396396    -0.717640     0.396770
   -2.704313    -2.877580    -1.327582    -3.135710    -0.824651    -0.713667     2.501560     2.403014     2.139847
   -2.676081    -1.148531    -0.759316     1.236461     1.083148     2.212069     1.258082     2.654728     3.705410
   -0.776537    -1.661890     0.537409     1.232722     2.417868     3.044405     1.775197     0.424268     2.395665
   -0.147854     0.472874    -0.547166     0.761341     1.631041     1.610877     0.905300     2.671566     2.357009
   -0.520153    -0.048854     0.267337    -0.767881     0.910715     1.383456    -2.041031     0.722659     1.691204
   -1.323705    -1.325646    -0.667172     0.379561     0.127661     2.049926    -0.276428     1.032546     3.240442
   -4.129520    -2.312365    -2.116664    -2.077740    -1.447086    -0.191546    -0.370928     1.392795     2.018621
    1.564591     2.169925     2.865560     0.704061     2.619892     3.775238     2.532653     2.554653     4.496774
    0.175115     0.629673     0.310339     3.149136     2.885974     2.278398     4.024553     3.164930     4.138585
   -0.993879    -2.494043    -0.011007    -0.911905     0.825798    -0.008881     0.840946     1.415856     1.389087
   -1.461313    -0.237726    -0.206879    -2.958609    -2.252961    -1.441016    -1.403158    -0.738567    -1.905366
   -0.429903     0.692022     1.461499     1.309547     2.239343     2.117958     2.720195     3.638854     3.185616
   -0.488352    -0.547029    -0.545425    -0.668736    -0.503790    -1.717539    -0.535922     0.028050     0.542461
    0.730728     1.305489     1.673427     2.277900     4.945148     4.604672     3.341045     4.090747     4.231704
   -0.433178     1.600889     1.493759     1.644282     0.691565     1.406174     1.470335     2.619109     3.543125
   -2.162888    -0.432393    -0.348097    -1.295270    -0.441598    -0.301590    -0.770199    -0.242493     1.255545
    1.092106     1.126195     1.713457     0.496492     2.804894     3.273664     1.966468     2.881724     2.424426
   -0.348484     0.646164     0.390308    -0.645964     0.145022     0.196992     0.408962     1.649941     1.067275
    0.065102     0.514162     0.298394     1.807658     2.438580     2.781934     2.153447     2.017146     3.332168
   -0.938212    -0.720599    -1.602802    -0.245584     0.830172     1.537118    -0.456534     0.209297     2.039493
   -1.115029    -1.650806    -1.940717    -0.313378     1.963617     1.833339     1.325843     1.616163     1.469433
   -2.044800    -0.046203     0.867607     1.346703     2.344509     1.780626     1.291342     0.125135     2.232496
   -1.954352    -1.185674     0.255249    -0.669485    -0.115138     0.461499    -0.706938    -0.399463     0.806338
   -0.787355    -0.748741    -0.039451     1.339098     1.496180     3.321978     5.257481     2.980749     4.610501
   -0.888953    -0.805773    -0.712509    -0.979150     1.212002     2.237474     1.469271     3.138141     2.616184
   -1.879076    -3.041566    -0.627724     0.363931     1.283606     1.099728     2.274415     1.869197     1.848425
   -3.214947    -1.977963    -0.770933    -0.078817     2.397137     3.413405     2.345607     4.058848     4.462767
    0.451792     0.496845     0.836451     0.589493     2.696792     1.549849     1.775808     1.919978     2.576492
   -0.732309    -0.712187     1.198966     0.331086     1.095488     0.796389     3.559266     2.888040     3.367000
    0.598016     0.091315     1.626090     0.102846     2.815655     2.033415     2.803839     2.589541     3.286510
   -1.282586     0.934033     0.906410     1.555472     2.434216     1.323578     2.054588     1.064236     3.604632
    0.157540     1.319020     1.964151     0.221852     0.749552     2.202357     2.687377     2.030536     3.075699
   -0.395586     1.468938     2.657661     0.152467     1.148351     1.076949    -1.802591    -0.225757     1.312610
    1.350036     2.611436     3.502138     1.033817     1.091701     1.770832     1.130499     1.484070     2.825302
    0.455153     1.219328     0.585441     0.231839     0.892747     1.017934     2.173869     1.458997     3.141831
   -3.679617    -2.334046    -0.786762     1.246943     0.122431     0.572078     0.672676     1.589985     1.777541
   -1.431436    -0.309721     0.109008     1.594399     3.727293     1.834458     3.042529     4.109787     5.676324
   -0.424584    -1.165374     0.645274     0.264307    -0.238129     1.100305    -0.546426    -0.105571     0.624500
    0.875125     0.983634     2.050491     2.389198     3.093055     4.112397     3.397260     3.295538     3.535707
    0.680835    -0.289954     0.361186     1.234942     2.331372     2.844935     2.830356     3.150233     3.974247
    3.257070     2.467060     2.515705     1.437104     1.841136     2.014222     3.415821     2.596615     2.327740
   -0.884956    -1.696510    -1.471474     0.897504     0.321902     1.279865     0.596549     0.127828     0.236055
    1.082001     2.217495     1.254669     2.274684     2.475798     3.148316     4.642305     4.773738     5.309566
    0.129369    -0.291336     0.959459     1.053609     1.571768     1.250498     4.263693     4.046797     5.031047
   -4.254319    -4.246398    -3.980625    -1.516685    -0.682304    -0.323259    -0.636498     0.992426     1.880352
    0.522342     1.272043     2.018684     2.975011     2.121563     5.318818     1.968672     3.455662     2.519072
   -1.228056    -1.237972    -0.340071    -1.713076     0.983002     1.450249     1.715849     2.438081     2.982619
   -3.869676    -2.553073    -0.206638     1.136048     0.452775     3.716452     1.616798     1.955757     2.461286
   -1.403384     0.888644     1.115257     0.755599     1.167261     1.276163     0.801444    -0.381311    -0.050618
    0.104895     0.435929     0.547613     0.613019     1.348488     2.459348     3.431913     3.426719     4.583020
    1.914492     2.660168     2.436608     2.492033     4.508784     2.623648     2.621714     3.762479     3.588579
   -1.330465    -0.776310     1.088771     2.120759    -0.261827     1.511925     2.232648     2.559740     2.076055
   -0.103186     1.475563     1.846074    -0.011379    -0.824920     0.626660     1.331927     1.131213     1.327555
   -0.898362    -0.510207     0.367562     0.185166    -0.184581     1.058893     1.648713     1.994562     2.116358
   -0.027581     0.690086     2.094510     1.504523     1.348270     3.182108     2.525693     3.366944     3.270250
   -1.950298    -1.910300     0.104406    -2.025343    -0.336482    -1.498476    -2.107467    -1.611676    -0.224025
   -0.756797    -0.406123     0.370878     0.650687     0.984011     0.951058     0.995597     0.792548     0.984579
   -0.245064     1.393409     1.018177    -1.272675    -0.338824     1.625551    -0.318841     1.716629     1.910986
   -0.104384    -0.599860     0.596956    -0.641237    -1.162231     0.151130     2.268207     3.162563     1.755596
    0.920842     2.720326     2.974240     2.836009     2.975959     4.017807     2.821300     3.733864     5.226038
   -1.184549    -0.787860    -1.267117    -0.572978    -0.177727     0.818958     1.677409     3.108270     3.353371
   -0.499352     0.774640     2.710811     0.745984     2.033186     2.060215     2.822302     3.084718     4.088476
   -1.444401    -0.741703    -0.354697     0.479531     3.115913     1.934070     4.174327     3.530335     3.299811
   -0.570761     0.623595     0.896454     0.217968     1.328281     1.396612     1.765430     2.076581     2.716654
   -0.564570    -0.935017     0.547368    -1.255420     2.051173     0.514440    -0.790362     0.773477     0.930942
   -0.354372    -1.245779    -0.947330     1.560640     3.008440     3.257227     2.103834     2.417122     1.336198
   -0.667852     0.582963    -0.109345     0.981055     1.109625     1.329773    -0.146645     1.900011     0.886128
    0.402075     1.716000     1.071018     2.212822     1.403623     3.148845     3.186907     3.543527     3.623430
   -1.097503     0.008569     0.235191     2.268316     2.100799     1.342661     2.973259     2.811766     2.477688
   -1.936622    -2.297331    -0.896425    -3.440571    -1.326415    -0.702195     1.017519     0.745445     1.357044
    0.951285     0.525112     0.390142     0.876214     2.275889     2.347264     4.833379     3.855126     4.793584
   -1.098204    -4.158779    -1.252686    -2.304208    -1.721065    -0.742963    -1.192275    -0.647994    -0.856523
    0.000395     0.224268     0.304514    -0.711107     0.368650     0.180493     1.988588     1.756838     2.587157
   -0.705882     0.205022     1.287709     1.084661     0.556575     2.631503     3.049452     3.170692     4.544184
   -2.050013    -1.426487    -0.282287     1.392608     0.571702     3.117775     0.944951     2.002228     4.946543
    1.072989     2.566208     3.647449     2.697338     2.095704     1.582320     1.286696     2.158249     3.909996
   -0.069513     1.017749     0.859510     0.052459    -0.603154     0.420320    -0.541944    -1.496552     0.611109
    0.399720     2.435268     1.165279     0.308380     1.834233     1.318488     3.119487     2.835728     3.308678
   -0.914231    -0.621566    -0.850948    -0.704738    -0.728919     0.867729     0.340246     1.405337     0.933522
   -2.070370    -0.229117     1.683343     0.769529    -0.593148     1.418560     2.196830     2.455264     3.461109
    0.262278     1.311341     3.443023     2.886760     4.543099     4.747059     5.230247     4.621331     6.718029
    0.839959    -0.081863     1.210181     1.359617     1.661754     3.286190     4.575033     3.551640     3.551972
   -1.187848     0.160089     0.018145    -1.514997    -0.556881     1.450012     0.553899     2.148628     1.641552
   -2.020120    -0.605389    -1.119114    -0.758566    -0.561532     0.093406     0.463885     0.591560     0.852668
    0.009883    -0.745811    -0.334286     2.061650     1.433739     1.426591     1.983167     2.332422     3.410428
    2.299275     1.442602     2.221355     0.813314     1.081356     1.542176     1.835661     2.654521     3.790662
    0.317183     0.908732     2.631427     2.154393     2.892295     3.403969     2.507913     2.928101     2.498861
   -0.612355    -1.470280    -0.085866    -0.567564    -1.049768     0.879028    -0.046358     1.528135     1.194889
    0.699918     0.676962     2.346228     3.050500     4.162268     4.617900     3.159970     3.600548     3.446052
    0.541596     0.619790     2.461746     3.761192     2.610069     2.458049     1.131392     1.712998     3.562927
   -1.771984    -0.855440    -1.874781    -0.517340    -0.096525    -0.582925     0.845832     0.196790     0.810865
    1.842926     1.224352     1.633264     1.867416     4.224921     3.391102     4.361152     3.915349     3.326102
   -0.103127     0.261520     1.380510    -0.310945    -0.280468     0.853930     1.852387     3.500704     3.329774
   -1.902069    -0.419829     0.054181    -2.944402    -0.469064     0.331066    -0.634361    -0.238400     0.243407
    1.364331     2.635095     3.272273     1.608074     3.413872     2.869288     4.320720     3.699611     3.367420
   -1.685277    -1.465150    -1.219087    -0.556690     1.271867     0.232309     2.627087     1.673571     2.710666
    2.694963     2.270992     2.808855     1.944999     1.773177     1.726805     1.009305     0.994990     1.938551
    0.873545     1.762011     1.957224     0.873414     0.886048     1.961631     3.714826     4.596499     5.899281
   -2.217274    -1.489941    -1.866268     1.098484     0.486096     2.518917     0.784155     0.414252     0.261011
   -1.461400    -1.158941    -0.700253    -0.056959     1.774496     0.094802     0.298700     0.575389     1.203815
   -0.743886     2.377244     0.355497    -0.319851     0.768282     0.429648     1.026043     2.039153     4.034944
    1.552831     1.031096     3.647136     2.029042     3.706848     3.819681     4.789980     3.547798     4.025036
   -1.433120    -1.322038     1.018042     0.834339     2.215288     1.973856    -0.575823    -0.069485     2.096883
   -0.427670    -0.833247     0.509626    -2.517657    -1.130948    -0.229526     0.287610     0.571922     2.509364
   -1.867992    -1.296314    -1.889960    -2.033893     0.300113     0.013042     0.978767     0.838463     3.831237
    0.708419     0.437938     0.680815     0.692568     1.793943     0.881055     3.831274     3.522761     3.369349
   -1.453542    -1.329108    -1.057317     1.010968     1.487879     1.670214     2.761695     3.759362     3.314584
    1.038133     2.212855     0.619689     0.566511     1.391603     2.914861     2.139997     3.377298     3.076402
   -1.315414    -0.532547    -0.307050    -0.737285    -2.447541    -0.342112    -0.179463     0.407307     1.290694
    1.618305     2.179007     1.981277     2.000731     3.374207     1.874587     0.567369     2.841951     1.586567
   -0.038328     1.929469     1.139358    -0.528177     1.154852     1.957365     2.747788     2.621370     3.387553
   -0.699808    -0.089741    -0.296710    -0.903215     2.116535     2.217558     1.714822     3.055420     3.157504
   -0.271478    -1.931524    -0.908449    -1.366055    -1.059392     0.165476     0.286721     1.015740     0.326997
   -3.705186    -1.140174    -1.588180     1.865651     0.549733     2.189613    -0.247334     0.531103     1.080986
   -0.706058     0.409179     1.651156    -0.931861     0.042039     1.178936    -1.360932    -1.161894    -0.212961
    1.372891    -0.077444     0.087670     2.139457     2.443846     2.418586     2.968755     2.419050     4.400434
   -2.529778    -1.428974    -2.338513    -0.666601     0.100050     0.567108    -0.053406     1.070002    -0.179160
    0.235327     1.151413     1.897596     2.221341     0.952348     1.119476     2.033031     2.116035     2.927210
    1.718227     1.844432     1.507978    -0.222050     1.393043     0.437767     1.347239     1.829880     2.780765
   -1.246170    -0.535289     0.654613     0.415259     0.724420     1.671292     0.308496     1.644943     1.517768
   -0.029243    -0.208474     1.106260     0.573393    -0.410420     1.683353     3.640462     2.377078     2.151522
    2.429223     2.032362     1.294890     2.249741     2.043961     3.616540     2.086251     1.469360     2.950306
   -1.082983     1.640080     1.175212     2.419710     3.783960     3.974906     3.121120     3.376077     4.409398
   -0.045340    -0.097929     0.613434    -0.288394     0.668575     0.708062     2.529022     2.493974     2.090560
   -1.286561    -0.434145     2.378614    -1.300530     1.184915     1.335156     0.865450     0.039334     1.788219
   -0.726896     0.728106     1.208438     0.357670     0.625329     1.090961     1.834045     2.323805     3.492716
   -0.651412    -0.455991    -0.248085    -2.179533    -0.298044    -0.917175    -0.900357     0.366231     0.925694
    0.730039     2.358533     2.150319     1.433561     1.283177     0.802752     1.677950     2.805876     2.201199
    1.098207     0.543102     2.602664     0.359839     3.004241     1.030071     0.761737     1.244939     1.577322
   -2.566860    -2.598864    -3.215574    -0.994159    -1.258472    -0.665816    -0.603893     1.820670     1.998422
   -2.596083    -1.128316    -1.465692    -1.142107     0.742492     0.591517     0.879976     0.773673     1.988119
   -0.958939    -0.878409     0.746040    -0.080260     0.321320     1.076355     1.206661     1.896822     2.181021
   -0.132995    -1.507412     0.151223    -1.072555    -0.638701     2.688195     1.950493     0.740414     1.414117
   -1.938677    -0.750494    -0.259143    -0.247859    -0.233624     0.510675     0.647855     2.148964     1.058390
   -1.178960     0.430612     0.950195     0.678222     1.195555     1.749481     3.410711     2.693335     5.712673
   -0.416154    -1.018346    -0.491513     1.964935     1.423792     2.577689     1.348954     2.219185     3.447251
    2.170448    -0.525310     1.436106     0.798071     0.988878     1.416758     0.924912     2.446120     2.354236
   -0.827089     0.478745    -0.439603     0.043444     0.784585     1.545023     1.306617     0.813386     0.956136
   -1.855997    -0.945109    -0.350786    -1.403850     0.523830     1.335973    -0.646886    -0.252686     1.736928
    0.073584    -0.372397    -0.665086    -0.905750     0.076290    -0.236583     0.222506    -0.250234     1.061451
   -2.148414     0.201695     0.459654    -1.813811    -1.374527     0.329347    -2.298046    -3.143997    -1.073035
    0.135252     0.680902     1.158059     0.785642     1.309792     1.168313     1.348570     1.910229     2.039211
   -0.520135    -1.010313     0.170657    -0.877094    -1.239579     0.139923    -1.469555    -1.406640     0.292047
   -1.523374    -1.444577     0.969301     0.288517     0.833253     0.533679    -1.003717     0.242910     0.333555
    0.536773     2.544232     0.484232     0.637432     1.771917     1.457988     2.700869     2.693349     3.160212
   -0.647283     1.147735     2.394148     2.658942     1.433657     2.126005     2.246479     2.399126     3.531823
   -1.089051    -1.199529     0.108522     0.920887     1.023712     0.582432     2.781711     2.024151     4.106143
   -1.586217    -0.035744     1.214132     0.832498     1.488281     1.733936     2.371720     3.681221     3.277954
   -1.545301    -1.106903    -0.933643    -1.161734     0.178406     1.092970     2.891624     2.324690     3.948473
   -0.059885    -0.158991    -0.242634    -2.334034     0.288270     0.496356    -1.963853    -0.863441     0.749667
   -0.660016     1.115049     1.364925     1.680053     1.087523     3.381515     2.472752     3.706215     5.738464
    1.236904     0.733197     1.926385     0.395595     0.243876     2.612677     4.038897     2.272644     4.972038
    0.836765     0.868511     2.233196     2.459389     3.042385     4.097257     5.927403     5.082165     5.829458
    0.588905     0.950038     0.724140     0.128781     0.883549     1.126384    -0.542644     2.134946     1.611703
   -0.874779    -2.195841    -1.252302    -0.918726    -0.543116    -0.612325     0.285465     1.465581     3.436222
    0.701819     0.914090     3.007863     1.563141     0.569034     1.834570     3.312306     3.314392     4.323752
   -1.840115    -1.415014     1.396091     0.298887    -0.020709     0.955838     0.420576     0.719007     0.691746
    1.736640     2.216598     4.408380     1.299861     1.478517     2.875433     3.396365     3.895483     4.455508
   -1.193697    -1.165652    -0.203196    -0.360641    -2.193455    -0.481343    -0.396343    -0.232218     0.956198
   -0.443377     0.670169    -0.020537     1.764593     0.702652     1.254276     0.002148     0.842036     2.434742
   -2.302703    -2.700243    -0.253519    -0.371498    -0.781433    -1.024094     1.274460     1.743472     1.271506
    0.739396     1.800264     2.056145     1.788562     3.175784     2.724818     0.820266     2.631472     2.380688
   -0.873151     0.781709     0.611406    -0.809729     0.941693     0.472662     1.194905     3.757476     4.544635
   -0.475933     0.091506     1.041258     2.362347     2.502593     2.588168     0.926296     2.003765     3.858889
   -1.717142    -2.382846     1.070828    -0.215369    -0.568911     0.418672    -0.570680     0.966002     0.965284
   -0.670892    -0.116710     2.135050    -1.245195     0.058949     0.293384     0.983315     0.275655     1.554207
    1.167571     1.768174     2.581645     1.148240     0.783370     0.292712    -0.543704     1.394166     1.413971
   -0.799847    -0.570794    -0.972342     0.523270     1.915930     1.018615     2.009640     1.092881     2.257151
    0.524003     1.289458     2.661776     2.956830     3.723656     5.034149     5.661037     4.067071     5.834785
   -1.927283    -2.125244    -0.660623    -0.867134     1.811228     1.813838     3.857339     4.272937     5.337160
   -4.931023    -3.213924    -1.346946    -3.936995    -3.364617    -3.476425    -3.977293    -3.841426    -1.241521
    0.210846    -1.372083    -0.632262    -2.187108    -1.322171    -1.046274    -0.390465     0.219065    -0.542347
   -0.612880    -0.225073     0.530738    -0.575364     0.998305     0.936106     1.500243     3.238045     2.642590
    0.213204     0.763469     1.531376     1.606423     1.151309     2.323866     0.117785     0.666347     1.567807
    0.440831     1.015331     0.775586     0.143227     0.803525     1.414923     1.547368     2.981772     2.975773
    0.731955     0.423986     0.162835     0.076766     0.567094     0.374717     1.904574     1.324849     2.625292
   -0.052264     2.659184     3.089187     3.278338     4.025912     3.846624     3.621640     4.346749     3.309565
   -2.312578     0.244622    -0.173514     2.832603     2.766787     1.427207     3.246507     3.932583     4.421097
   -0.621841     0.440106     0.726166    -0.001581    -1.366441    -1.283370     1.335862     1.522484     1.775732
   -0.848700    -1.681252    -0.659350    -1.009391    -2.231064    -1.044172     0.703970     1.228044     0.186629
   -0.179863    -0.102571     0.236818     3.401567     3.778774     4.522954     4.966661     4.332468     5.816126
   -0.934412    -0.898769     1.082406     0.941556     2.520453     0.975012     2.204656     1.274920     2.313219
   -2.334877    -1.377488    -1.752921    -3.296960    -1.905844    -0.778603    -2.391273    -0.715736    -1.179389
   -1.295287    -0.911894    -0.920017     0.767141     2.425418     2.548946     0.734064     2.004856     2.611848
   -1.189532     0.113417    -0.230512    -0.060122     0.185598     0.626580     1.436674     2.551942     1.155430
   -2.288049    -1.808411    -0.444013    -0.099163    -1.630862     0.335155    -0.528305     0.012130     0.581466
   -0.622938    -1.212013     1.226267     2.520488     2.557615     2.074411     0.854600     2.232043     2.271135
   -0.577366     0.400392     0.902383     1.204097    -0.776675    -0.044703     2.138841     2.743212     3.281849
    1.469956     1.212081     1.686815     1.490718     1.630585     0.962039     2.303135     2.973341     2.479984
    0.900397     0.411125    -0.191637     1.543713     2.559684     3.485210     3.494641     3.298429     4.973050
   -0.130809     1.500263     1.890782     0.906346     1.525959     1.830832     2.114085     2.735810     2.825608
    0.788457     1.280834     1.214835     2.032716     3.660103     3.055093     2.223908     3.355349     3.527798
   -1.171710    -0.317146    -0.174250     0.100511     0.455593     1.800820     1.504533     4.374185     4.076370
   -0.168903     0.897422     1.473548    -0.016963     0.260455     0.290173     1.204792     2.998658     2.256834
   -0.585156     0.522132     1.599292     1.569023     2.053570     2.650916     3.914321     3.885509     3.038302
   -1.103915    -2.115104    -0.396944     0.190438     1.330474     2.310300     0.068310     0.606246    -0.046375
    1.126987    -0.079998     0.085217    -1.543613    -1.537440    -0.673571    -0.047339     0.923761     2.419297
    1.471207    -0.798479     1.577046    -0.169164    -0.056230     2.035669    -0.214717     1.389625     2.526294
    0.971308     0.049641     2.286135     0.030725     0.178530    -0.376726     0.243901    -0.102041     0.981020
    0.073365     0.911583     0.797397     1.112035     1.474297     1.048499    -0.080713     0.627053     1.491821
   -0.953487    -0.885724    -0.803229    -0.267625     2.898452     1.069222     1.011891     2.409933     1.358808
    0.637718     0.888410     2.122711     2.224526     2.155185     3.486326     5.208282     4.672679     4.132362
   -1.401251     0.745218     2.418249     1.321559     3.009749     3.233355     2.605454     3.383918     3.804960
    2.420395     2.808865     2.510449     0.969411     2.362190     0.873136     2.719270     3.168631     3.300220
   -1.397874    -0.473076    -0.328774    -2.665042    -1.583827    -0.601731    -0.471333     2.022080     1.306751
   -0.478839    -0.989869     0.715616    -0.061569    -0.912451     0.492871    -0.677485     1.296794     0.488058
   -2.093698    -1.626329    -1.269529    -0.547755    -0.862146    -0.058714    -1.091640     0.104215    -0.987022
   -2.010447    -0.874444    -1.253783     0.745627     0.275587     1.872764     2.631468     3.655882     3.861856
   -0.286644     0.405834     1.414080     2.751938     2.766858     3.873059     3.851500     2.424986     4.300786
    0.787919     1.414453     1.059134     1.773330     0.195173     2.474162     4.454883     3.865018     4.490659
   -0.515449     0.288906    -0.685122     1.014626     2.116893     1.393032    -0.553082    -0.001284     2.017756
   -0.899384    -0.378670     0.760649     1.596418     2.277937     3.265255     2.990321     2.667147     2.846622
   -1.112057    -2.064532    -0.350861    -0.367437    -1.113472     0.656856    -0.994880    -0.727432     0.725892
   -0.889321     0.790591     1.021518     0.795159     1.048964     1.778593     3.993102     2.985768     5.197922
    0.592338    -0.209804     0.533164    -0.069980    -0.312343     1.128417     1.247108     2.326201     3.143446
    0.328721     2.002361     1.773205     2.619164     2.926527     2.421893     3.380954     2.991131     3.639767
    1.760434     2.165253     1.402907    -0.594408    -0.032230     0.225441     1.424988     3.480752     2.630729
    1.560558     3.758114     2.887468     0.224064     1.689658     3.278565     1.169981     1.444125     2.467191
   -2.580197     0.501962    -1.246751    -0.160696     1.241059     1.041261    -0.033570    -1.222163     0.895794
   -3.345296    -1.038409    -0.011187    -1.167079    -2.132471    -0.548985    -0.306797    -0.588699     0.277665
   -1.872993    -2.203757    -1.060618    -0.731372    -0.577312     1.237868    -0.318806     0.586760    -0.059188
   -2.275717    -3.311246    -1.636508    -0.193786    -0.824491    -0.966448    -1.155252    -1.990279    -0.990343
   -2.012272    -1.493625    -0.816078     3.747276     2.377782     2.246041     2.913425     3.595620     2.786191
   -2.500424    -1.615405    -2.313592     0.133333     0.756177     0.164517    -0.087474     0.787278     0.089093
    2.354956     2.266688     1.915283     3.507236     2.917905     4.404513     2.103108     2.715036     4.218566
   -2.714316    -0.953708     0.220766    -0.741681     0.886272     1.230729     1.122667     1.119014     1.304529
    0.922059     0.952001     0.742855     2.590717     3.792740     3.063796     4.612635     4.963575     3.356406
   -0.669046     1.380244     1.648926     1.591439     2.131749     2.595215     2.177111     4.009775     4.918295
   -0.083485     1.215740     0.754503     1.458076     0.758334     2.360871     1.969786     4.004330     3.969739
   -0.295159     0.377235    -0.291908     2.288285     2.008257     2.040498     2.523990     2.732263     3.076558
    0.349646     1.964423     0.892159     2.685535     4.511710     3.808385     1.791616     3.264249     1.994817
   -2.313261    -2.441746    -1.933378    -0.287078     0.935233    -0.247566    -1.142441    -0.030997    -0.493410
   -3.273780    -2.582195    -0.778610     0.276737    -0.533604    -0.648875     2.614015     2.207753     1.878362
    3.354902     2.247918     3.904851     3.879429     2.611872     3.482612     3.770940     3.236719     3.919501
   -1.255127    -0.370468     1.415874     2.224036     2.118087     3.741781     2.076432     1.088925     2.947081
   -0.866251    -0.770646    -1.189707    -0.514634    -0.126115     1.285956     0.773650     1.145232     0.877754
   -3.123136    -0.514576    -0.026238    -0.164209     0.178076     2.030957     0.793110     0.467114     0.845775
   -3.160431    -1.519537    -0.420055     1.931768     1.172496     0.427239     0.259426     0.530286     0.560680
   -0.933848    -0.010104     1.193965    -0.186668     1.373505     1.408219     2.138731     1.932743     1.958045
   -1.076024     0.555842     0.249110     0.008714     0.258729     1.603744     1.475547     2.728764     3.258738
    0.681945     0.003020     2.894144     0.087560     0.542748     1.447658     2.417495     1.944873     3.992759
    1.845724     1.200878     2.330084     2.933474     3.813414     4.654684     4.297235     4.413625     3.886862
    1.072032     1.578865     1.024164     4.048731     4.915622     4.124342     5.610751     5.126712     3.669228
   -1.482410    -1.417044    -0.177417     0.725045     1.312237     0.507703     0.057945     0.591028     1.723715
   -1.997116    -1.148294    -0.524751     1.016077     0.336984     2.374580     2.537722     3.298570     3.094410
   -1.533837    -1.574993    -0.535122    -1.431331     0.671357    -0.309678    -0.281357    -0.344257     0.903899
    0.854851     1.450634     1.992172     1.723793     1.928419     3.020696     3.330209     2.040541     4.503710
   -1.439008     0.726120     1.532787     0.738035     1.555941     1.612519     1.130784     1.832824     2.561662
    1.251705     2.959075     2.715656     0.684856     1.687539     1.859158     3.347725     3.210794     4.483683
   -1.197341    -1.213505    -0.180431     1.658872     1.359297     2.816462     0.560808     1.555920     0.626884
   -2.883960    -1.962467    -1.714646    -3.372519    -1.278413    -0.870467    -0.037140    -0.193909     0.049104
    1.013444     1.418286     2.653534     0.929692     1.688049     1.948264     4.227599     3.768630     4.096114
   -0.658648     0.428200     1.106481     0.949406     0.714860     2.170953     1.494627     1.471513     1.349898
   -0.020143     0.995361     2.306782     0.481864     0.568820     2.001085     4.061598     5.343260     3.895008
    1.381699     1.038475     1.470402     2.575952     1.190819     2.023672     2.558131     2.705965     2.692371
    0.078368     0.684969     1.429008     0.790465     0.777042     2.514459     1.197357     1.840027     2.453788
   -2.601736    -3.098443    -0.395987    -2.471219    -0.959379    -1.252029     0.897799     0.563268    -0.628539
   -0.288115     0.402543     1.341628     1.381472     1.112450     1.757865     2.942679     3.061319     3.713822
    0.278663     0.196706    -1.267102     0.400883     0.546153     0.672885     1.336408     2.498974     1.555967
   -0.410830     0.627659     1.305564     0.989301     1.085794     3.359026     1.533445     1.834688     2.890841
    0.469022     1.372354     0.737846     0.985873     1.619000     2.843634     4.152452     5.041883     3.610675
   -0.065249    -1.172068    -0.684438     0.607150     1.244871     1.611076     2.332670     3.465001     3.170390
    0.515857     0.952749     2.810282     1.747449     1.048708     2.689594    -0.047840     0.765936     0.974793
    0.462612     2.426165    -0.235958     0.927104     1.348226     3.183117     3.385527     2.818393     4.023555
   -4.441150    -4.299819    -3.284529    -2.276791    -1.530415    -0.800391     1.321202     1.021217     1.908160
   -0.419437     0.012657     1.027252     2.184569     2.587722     2.251623     2.488400     1.836199     3.327510
   -1.732314    -1.903648     0.451439     0.045854     0.613746     1.955961     0.785565     1.221827     2.277472
   -0.112314    -0.638347     0.340727     2.267057     1.402946     1.412344     3.457240     4.104724     4.985851
    0.681725    -0.255754     1.325390     1.338131     1.272088     0.673558     2.428559     3.960929     4.488996
   -1.046646    -0.665455     0.266677    -0.835891    -1.803351    -0.215514     0.649787     1.096622     1.480966
   -0.504878     0.372877     0.188413     1.197131    -1.095361     0.743120     2.567614     2.444232     3.439749
   -0.539144     0.792073     2.026152     2.434452     3.486030     4.311734     3.219796     3.689291     3.919965
   -3.124255    -0.764975     0.143586     0.079236    -1.081148    -1.369735    -0.621173     1.602037     2.880678
   -0.415741    -0.351045     0.155175     1.131328     3.161214     1.697120     1.479892     2.526970     3.637234
   -1.151929    -1.960970    -1.134824    -1.280631    -0.287680     0.640657     0.157859     1.633440     2.755274
    0.084701     0.346550    -0.280792     0.325527     0.674551     1.582565     0.699794     2.533881     2.312597
   -1.516040    -0.667528     1.432253     1.088515     1.121568     2.978754     1.801006     0.527971     2.061852
   -1.510410    -2.323312    -1.093577    -1.187516    -0.365340     0.794006    -0.263366     0.002915     1.324183
    1.906686     2.759671     1.201513     2.001170     1.737834     2.985121     1.270752     0.612938     1.465290
    0.511310     1.057346     3.018728     1.375355     1.915035     2.878279     0.537535     2.410005     2.701174
   -0.041393    -0.185571    -0.661876    -0.525916    -0.424167    -0.200525     0.379592     1.753591     2.921402
   -0.845989    -0.629138     1.023335     1.028375     1.048920     1.443464     1.384515     2.660229     1.755105
   -0.839585     0.730660     1.640131     1.315509     2.401175     0.499039     2.150302     2.488288     3.892487
   -1.259453    -0.376323    -0.024163    -0.035612     1.885819     1.390029     0.534527     1.072429     2.909212
   -1.679741    -2.761381    -0.651555    -2.899676    -3.171764    -1.039368     0.615261     1.737628     1.879098
   -2.561269    -1.110297    -0.082240    -0.636388    -1.397344    -0.188856     1.819277     2.177463     2.566762
   -0.397114    -0.331202     0.561457    -0.284661     2.394057     2.274443     1.200843     2.826960     3.163489
   -2.616514    -1.414651    -2.047975     1.212957     1.157066     1.358517     1.107558    -0.148058     0.911275
    0.875226     1.621981     0.969345     0.199142     1.438428     2.677037     4.043075     3.628583     4.444274
    1.408911     0.708664     1.972765     1.987565     2.883505     3.370823     3.787894     6.615681     5.880397
    2.728903     1.974620     2.355490     2.598540     3.227530     3.470916     2.267132     2.635528     4.194596
   -2.265290    -0.531469     0.410503     0.151728     0.389708     3.729918     0.167478    -0.509158     0.327992
    1.104204     1.011192     2.036705     0.797773     2.598489     2.513681     0.837022     1.385745     0.414512
   -3.081820    -1.704582    -0.604922    -0.849817    -0.130383     0.771388     1.586006     1.476479     1.974542
    0.807514     1.962359     3.738992     2.834396     4.735862     4.796963     2.715748     4.852376     4.694074
   -0.300685     0.606570     1.097388     1.146062     1.199278     1.855219     0.757279     0.762133     1.599610
    0.433326    -0.139549     0.932251     1.459699     1.767870     2.283454     2.087816     2.475429     3.370246
   -0.060390     0.951527     2.060755     1.163681     1.167385     1.221602     1.587757     0.574290     1.257273
   -1.239786    -0.623497     0.292866     0.349461     1.183621    -0.364359    -0.836878     1.226316     2.507558
    0.606683     1.147473    -0.542554     2.166905     2.640903     5.397778     2.903313     4.201597     3.949061
   -0.318627     0.065651     0.220325     0.704751     1.697510     0.639579     0.122423    -0.211217     0.963589
    1.470776     2.949452     3.594066     2.376236     2.575528     3.377989     2.350224     3.453497     3.148348
   -1.432623    -0.662365    -1.668556    -0.523842    -1.930110    -0.165714     0.696162     2.325604     1.690023
   -0.044762     1.238782     1.477047     0.438579     1.156295     1.895603     2.417893     1.369333     3.184792
    0.191068     2.630398     2.656318     0.979958     1.106116     2.332495     2.792066     3.273847     3.345449
   -4.043772    -4.347369    -3.840548    -0.889863    -0.411538    -0.348433    -0.807094    -0.078270     0.882710
   -0.513762    -0.857025     1.005580     0.343308     1.447519     0.365986     1.917407     2.183183     3.054011
   -1.074474    -0.587939    -0.217185    -0.332278    -0.019958     1.430994     1.878696     3.101468     3.990853
   -0.067182     0.709738     1.753787     0.937081     1.053106     1.998447     2.652106     3.396682     4.062081
    1.908137     0.935942     1.418126     2.547055     3.320929     3.200394     4.176370     5.641197     5.596348
   -0.516504     0.071516    -0.296776     0.179942     0.906827     1.024370     1.870129     3.543362     2.473553
   -0.813832    -0.551040     0.009155     0.897363     0.437898     2.183859     0.515364     1.681925     2.586221
   -1.730797    -0.391576     0.389404    -0.494397    -0.316530     0.675646     0.472809     1.395428     0.889808
    1.182787     1.943821     2.506495     1.624579     2.611462     2.647618     2.846905     2.950860     3.122931
   -1.539303    -0.507071    -0.889266     0.706624    -0.385118    -0.264911     0.672874     1.181084     2.308304
    1.895618     3.523762     1.235595     1.769652     1.587760     2.100209     2.648610     3.289797     3.003263
   -2.140784    -1.030540    -1.175648    -0.899337    -0.525246    -1.560886    -0.737587    -0.429726     0.199821
   -1.732065    -1.052662    -0.458902     3.038279     3.724544     4.649862     4.075196     3.572586     3.736760
   -1.753523     0.257544    -1.540519     0.603743     0.741081     0.626583     0.842476     1.733839     3.504443
   -0.702725    -2.302801    -0.800365     1.054118     0.085609     0.608606     0.230278     0.704154    -0.117821
   -2.654324    -3.176061    -1.812793     1.252244     2.633970     1.880518     1.977426     2.061779     4.232805
   -0.974530     0.460993     0.986761     0.619130     1.079997     1.193524     0.959970     2.163417     3.688664
   -1.172415    -0.732227     0.187248    -0.577606     0.014063     1.054830     1.554619     2.011841     2.301302
   -0.014145    -0.437984     1.447846     1.682215     1.321038     1.907261     2.305123     2.879924     2.631008
    1.073713     3.075709     1.946807     2.917920     3.993024     4.499784     4.423449     5.593302     6.593114
    2.439388     0.583461     2.480828     2.328429     2.519972     2.683951     2.792801     1.480834     2.469366
    0.366265     2.383042     1.339157    -0.726410     1.519051     1.120587     0.832814     2.348413     3.410704
   -1.173711    -2.140537     1.606386     0.204637     0.368278     1.148701     1.384659     1.114132     1.329091
   -3.356561    -1.629897    -1.044277     0.247919     0.543236     0.289052     0.083871     0.363039     1.026918
   -1.561479    -1.584987     0.065051     0.058499    -0.515171     1.718683     1.026658     1.341218     0.156341
   -1.138754     0.001982     0.653982     0.958680     1.195237     0.983363     0.875823     2.202374     0.914374
   -1.262467    -0.461299    -1.214292     0.007629     0.473253    -0.762296     2.938767     1.104624     3.105205
    1.574656     3.497655     4.533506     1.193406     3.239262     2.736802     5.065790     3.713870     3.515869
    0.826378     2.404274     0.899162     1.988420     2.216566     3.687311     1.465817     2.454075     2.892063
   -0.287178     1.118545     1.183527    -1.607057     0.887228     0.593955     0.232302     0.304884     0.899433
    2.141710     2.065972     1.675036     1.800405     1.319519     0.742418     1.510956     0.829858     3.950671
   -0.273003    -1.529378    -1.142568     0.992657    -0.495879     1.931305    -1.687036     1.803220     0.915999
    0.145048     0.334370     0.008793     1.347379     1.199667     1.510186     1.127725     1.557667     2.178212
   -0.911087    -1.254307    -0.810460    -0.393649     0.566701     2.038211     2.354589     3.004001     3.622372
    0.841597    -0.224453    -0.202698     1.295717     1.449582     1.008086     2.230672     1.750720     2.333601
   -2.027854    -0.355354    -0.474662    -0.205672     0.944054     0.217226    -0.300949     2.663693     1.469733
   -0.865755    -1.219865    -0.723230    -1.855412     0.622023     0.779733    -1.414293    -2.145343    -0.078137
   -1.045156     0.326786     1.252744     0.123423     2.438563     1.587621     0.380078     1.692443     0.887361
   -1.437913    -0.335024     1.267526     0.876793     0.853078     1.344768     0.773180     2.818776     3.167921
    2.069939     2.049710     2.198145     1.372315     1.628795     1.241631     3.232958     3.510299     4.822781
    0.408190     1.125665     1.174494    -0.831488     0.911521     0.563255     1.909276     3.557740     2.985594
   -1.226593    -0.721512     1.419496     0.445563     2.258211     1.118017     2.124514     1.665501     1.703856
   -1.144441     1.985817     1.226909     1.100386     1.132872     3.130923     1.787951     1.470402     2.288247
   -3.515289    -2.184757    -1.964792    -3.506287    -2.890391    -1.322155     0.315985     0.685370     0.668217
   -0.490531     0.337776     1.112497    -1.237414    -1.049012     0.329575     1.076614     1.990490     2.699159
    1.514036    -0.587819     1.350211     3.748806     4.161184     3.114049     4.969297     5.614427     6.226432
   -1.183347    -0.022851     0.079214    -1.995311    -1.916715    -1.368796     1.497675     0.209472     0.907520
   -0.184015     0.531279    -0.112673    -0.813451    -0.176058    -0.673796     1.370704     1.973978     1.481138
   -1.178257    -1.034937     0.283149    -0.257689     0.077018     0.791809     0.802903     0.676201     1.796175
   -0.445365     0.764207     0.049119     2.259538     3.159797     3.994649     1.910390     2.907747     2.928158
   -1.446108     0.175909     0.862105     3.038312     3.517776     2.213674     2.376099     2.762665     2.495707
   -0.564039     0.137750     1.734445     0.127455     0.483891     1.102066    -0.637386     0.854402     1.905451
   -2.020583    -1.405059    -1.317683     1.418112     1.594147     2.780520     2.886925     2.778882     2.798315
   -0.304950     1.795721     2.441463     2.552258     1.419506     1.351859     2.535602     2.984412     1.367319
   -0.724284    -0.034350    -0.234984    -1.483579     0.804594     1.272404     2.139178     2.003203     3.615666
   -2.925193    -2.058884    -2.414407    -0.518598    -0.967283    -0.334315    -2.287426    -1.094424     0.556060
    0.107783     0.514217     1.177703     0.914690     1.824061     2.429713     1.308199     1.621638     1.900540
   -0.643469     0.059584     0.137281     3.012698     1.835211     2.498121     2.678935     4.413442     3.250492
