    0.359991     2.599914     0.000000     0.573051    -0.175230    -1.339954
    1.851049     2.559492     1.000000    -0.577052     0.425472     0.179867
    0.901422     0.934988     0.000000    -0.694153    -0.766538     0.455033
    0.314720     2.052611     0.000000    -0.817974    -1.559255     0.579605
    1.934954     2.053034     0.000000     0.463916    -0.898300    -0.053513
    0.047059     1.133992     0.000000    -0.096545    -0.352276     0.253673
    1.139786     2.027711     1.000000     1.027419     0.677408    -0.001175
    1.212690     2.164094     1.000000     0.483444     0.959731     1.104495
   -0.492038     2.895837     0.000000     0.761720    -1.901134    -2.223851
    0.951163     1.663561     0.000000     0.723880     0.111837    -0.846025
    0.091068     2.762377     0.000000    -0.295120     0.881524     0.966334
    1.326319     1.725255     1.000000    -0.320148     0.297111     0.508650
    1.136696     2.240668     1.000000    -0.805411     0.766234     0.496932
    0.179284     1.703491     0.000000     1.809094    -0.761952    -2.154671
    1.003773     2.143904     0.000000     2.345841     0.284032     0.253651
    0.313254     2.294461     0.000000     0.935259     0.858773    -0.271187
    2.731922     3.530032     1.000000     0.989511     2.269332    -0.174745
    2.134415     2.138178     0.000000     2.920440    -0.798064     0.156104
    0.700045     2.358525     0.000000    -0.180285     0.271133    -0.162098
    1.023368     1.439942     0.000000    -1.394741    -0.969746    -2.090380
   -0.535155     1.755385     0.000000     0.446963     0.080041    -0.838566
    1.217609     3.291561     0.000000     1.454362    -0.864173     0.855505
   -0.480794     0.346584     0.000000    -0.064293    -0.935022    -0.971525
    0.457396     1.153126     0.000000    -1.530256     0.228302    -0.469326
   -0.250571     1.755116     0.000000    -0.090957    -0.097848     0.167197
    1.290485     1.769679     0.000000    -0.781570    -0.582116    -0.478192
    0.979620     0.864345     0.000000    -1.888729    -1.007475    -0.486859
    1.476365     1.890846     0.000000    -0.941943     0.039957    -0.124607
    1.990982     1.710978     1.000000     0.034340     0.381900     2.970156
    0.220288     1.923722     0.000000     0.361164     0.628857    -0.597038
    2.641696     1.612644     1.000000     0.299540     0.482481     1.688276
    0.819984     2.015486     1.000000    -0.053378     0.747981     1.588814
    0.899513     3.202357     0.000000     1.380470    -0.402537    -0.559265
    2.045313     2.294570     0.000000    -0.907102     0.261102     0.489773
    0.151627     0.794627     0.000000    -2.813280     0.163674     0.061669
    1.071124     2.226326     0.000000     0.534010     0.472889     2.259616
    1.816625     2.523214     1.000000     0.144324     2.007878     0.754722
    1.063119     1.352985     0.000000    -1.112683    -0.031886     0.302495
    1.426849     0.596397     0.000000    -1.452235    -2.448208    -0.094623
    2.119056     2.373304     1.000000     2.147528     0.708057    -1.644768
    1.947638     2.231086     0.000000     1.007635    -0.220893    -0.520523
    0.689023     2.105008     0.000000     0.854209    -0.071102    -1.139363
   -1.007900     1.016074     0.000000    -1.154268    -0.833996    -2.768818
   -0.207284     1.322152     0.000000     0.147681     0.611826    -0.148284
    1.928907     2.652588     0.000000    -0.922427    -0.239804     0.680168
    0.481071     2.128659     0.000000    -0.479457    -0.097246    -1.078953
    1.226184     1.138931     0.000000     0.211655    -0.799270    -0.773233
   -0.134246     2.658404     0.000000     2.036454     0.972659    -1.110931
    1.997105     2.528134     1.000000     2.625872     1.929568    -0.537130
    2.967634     2.421490     1.000000     0.871237     1.958800     0.762969
    0.291189     0.981350     0.000000    -0.101754    -1.519739    -0.691582
    0.005161     2.336300     0.000000     0.402807     0.365539    -0.894718
    1.201279     1.433935     1.000000    -0.213364     0.204102     0.405698
    1.168282     2.512135     0.000000     2.620641     0.453708    -0.387833
    0.086388     1.654435     1.000000     0.250665     0.868009    -0.406890
    1.275450     1.986883     1.000000    -0.065333     0.754505     0.527030
    1.852478     2.055584     0.000000    -1.373059     0.165736     1.491654
    0.828555     2.200388     1.000000     0.551067     2.244199    -1.605275
    1.946885     3.188812     1.000000     2.103710     1.852987    -0.072331
    1.138761     1.892796     1.000000     0.519908     0.646157     0.100772
    1.514311     2.225324     0.000000    -1.704053     0.312722    -0.441097
    1.264400     1.452369     1.000000    -0.045257     0.876640    -0.196207
    2.617737     3.071805     1.000000     0.779012     0.533775     2.388377
    0.708406     3.211311     0.000000     0.998745    -1.785965     1.313883
    1.399150     2.110299     1.000000    -0.895761     1.050430     2.694817
    0.788194     1.374848     1.000000    -1.798147     1.446712    -1.307288
   -0.251272     2.800785     0.000000     1.991547    -1.139637    -2.261151
    1.047751     2.363272     0.000000    -0.024899    -0.000951    -0.466598
    0.940453     2.417971     1.000000     1.063671     1.307742     1.227325
    1.290595     1.559084     0.000000    -1.411627    -0.409088     0.285447
    1.255101     2.072876     0.000000     0.542719    -1.251934    -1.299593
    1.004110     2.250674     1.000000     1.177945     1.647945    -0.003589
    1.894973     2.107368     1.000000     0.157191     0.417853     1.318302
    2.201931     2.086531     1.000000    -0.946897     1.209626    -0.848835
    0.534126     1.561871     0.000000    -1.662003    -0.626968     0.050173
    0.938996     2.327249     0.000000    -0.065470    -1.487576     0.327435
    0.159518     1.351862     0.000000    -1.162120    -0.074466     0.387594
   -0.515668     1.288131     0.000000    -1.181898    -1.805747    -1.700674
    2.173578     2.220657     1.000000     0.997753     0.159104     0.896918
    1.579515     2.319341     0.000000     0.386224    -0.938691    -0.182482
   -0.649945     1.813549     0.000000     0.637273    -1.250547     0.273062
    0.370095     1.543936     0.000000    -0.222713    -2.062094     0.700194
   -0.093408     2.106093     0.000000     0.887330     0.251705    -0.171353
    0.268428     2.225954     0.000000     0.404260    -2.070426    -0.631500
   -1.007391     1.651912     0.000000    -1.429091    -1.142571    -2.615884
    1.303250     2.281116     1.000000     0.766383     0.712512     0.474035
    1.177886     2.660356     1.000000    -1.173233     1.024470    -0.033451
    1.251954     3.512861     0.000000     0.833937     0.487234     0.988791
    1.726424     2.587423     1.000000    -0.632654     1.576646     0.592656
   -0.147986     1.681833     0.000000    -0.390990    -1.626665    -0.217398
    1.084925     2.197922     0.000000     0.261811    -0.147346     1.490911
    1.808103     3.175220     1.000000     0.928216     0.653616     0.787727
    1.070279     1.701727     0.000000     0.554994    -1.134404    -1.395321
    1.516361     2.574375     1.000000    -0.434856     0.298585    -0.625061
    0.830078     2.595849     1.000000     1.496123     0.910772     0.494152
    1.088122     3.167841     1.000000     0.603399     1.105691    -0.410498
    1.580759     2.981681     1.000000     0.148157     1.005702     0.615752
   -0.037500     2.398118     0.000000     0.860695    -0.886198     0.236292
    1.094917     2.017343     0.000000     0.948056    -1.021500    -0.495473
    1.315853     1.230490     0.000000    -0.261722    -0.275261    -0.757783
    0.353875     2.329811     0.000000     0.438144     0.541813    -0.969308
   -0.065241     1.704114     0.000000     0.872827    -0.343648    -2.006273
    0.953327     2.345582     0.000000    -0.432574    -0.374755     0.411787
    0.651387     2.318278     0.000000     0.060914    -1.184449     0.646291
    0.670754     2.102681     0.000000     0.527831    -0.008297    -0.076911
    1.872981     1.473835     0.000000    -0.800993    -0.737749     0.630619
    0.725985     2.825398     0.000000     1.043301     0.806248     0.669174
   -0.390076     1.381733     0.000000    -0.235359    -2.261145    -1.742697
   -0.221898     1.287445     0.000000    -1.258468     0.349651    -2.078322
    1.253180     1.887020     1.000000    -2.034416     0.532133     0.456252
   -0.036334     1.527465     0.000000     0.823873    -1.457744    -1.639551
    2.029393     2.494017     0.000000     1.357793     0.340525     0.520741
    0.444041     2.410996     0.000000     0.920158     0.568478     0.168145
    0.404152     2.568670     0.000000    -0.210130    -0.302362    -0.287143
   -0.013719     0.893382     0.000000     0.161226    -0.926396    -0.667067
    0.668300     2.489212     0.000000     0.658842     0.083703     0.692887
    1.193855     2.940929     1.000000     0.358199     1.131302    -0.072345
    0.051820     1.724262     1.000000    -2.401651     0.676134     0.324771
    2.375129     1.373884     1.000000     0.841865     0.824594    -0.647567
   -0.119508     1.885382     0.000000    -0.050728    -1.056398    -0.647019
   -0.011436     1.213420     1.000000    -1.049286     0.853345     1.082609
    2.428037     2.951041     1.000000     0.716113     0.492887     1.013821
    2.125048     0.185791     1.000000    -0.168757    -0.601257     0.758314
    1.856546     2.724960     0.000000     0.090084    -1.286312     0.646988
    1.589366     2.825914     0.000000     1.521697     0.158848     0.661342
    0.275521     1.829308     0.000000     2.014192    -1.414146    -0.882568
    1.711920     0.704457     0.000000     0.080439    -0.731038    -0.092223
   -0.057754     2.624358     0.000000     0.016593     0.306771     0.713350
    1.264856     1.287103     0.000000     0.122162     0.111848    -1.193975
    1.588257     1.259060     0.000000    -0.751432    -0.295661     0.632221
    0.535667     1.266153     0.000000     0.677648    -1.706342    -0.055115
    1.553739     3.087968     0.000000     1.716804     0.030403    -0.225950
    0.733229     1.589661     0.000000    -0.147412    -1.230579    -0.631445
    1.066446     3.209476     1.000000    -0.020331     1.883068     0.854455
    2.918375     2.648940     0.000000    -0.083330    -0.610441     1.337349
    1.786546     1.432314     1.000000     1.603378     0.730572    -0.495295
    1.944152     0.973181     0.000000     0.454753    -1.821117    -0.495957
    1.479520     1.886775     0.000000    -1.347227    -0.257935     0.293520
    1.332277     1.116968     1.000000    -3.109075     0.011060     0.232034
    1.691027     1.966030     0.000000     0.050113     0.021704     1.381966
    1.857766     1.768966     1.000000    -0.270848     0.953480     1.596240
    0.661175     2.312528     0.000000     0.582331     0.274339     1.363720
    1.268833     1.717891     1.000000    -0.844085     0.253331    -1.001999
    0.624891     1.527304     0.000000    -2.221003    -1.783758    -0.652522
    1.574930     1.084174     0.000000     1.528843    -2.016222    -1.238410
    2.182359     2.212300     1.000000     0.343780     1.082336    -0.279376
    2.218635     3.167664     0.000000     1.482167     0.329410     0.947088
    0.924657     1.733299     0.000000    -0.033646    -1.219489    -0.042544
    1.014316     1.996685     0.000000    -0.306122     0.440869    -1.139321
   -0.415602     1.635093     0.000000     0.638442    -0.972830    -1.437663
    1.170075     2.347171     0.000000     0.817268     0.704504     1.146132
    0.971797     2.014162     0.000000    -2.006349    -0.208851    -0.637129
    1.306894     1.642832     1.000000    -1.915427     0.954961     1.357661
   -0.335841     1.324672     1.000000    -2.830199     1.355832     1.339256
    1.809640     2.720700     0.000000     0.603255    -0.549585     1.275942
    0.582094     1.443157     0.000000    -0.014461    -0.593635    -0.083851
    1.773031     1.943625     0.000000     2.143761    -1.033161    -0.312900
    1.276276     1.100544     0.000000    -0.717436    -0.737038    -0.006394
    1.069237     2.198557     1.000000     1.073031     0.886030     1.557182
   -0.072569     1.317110     0.000000    -0.163787    -1.292855    -0.238606
    0.233387     2.773558     0.000000     0.379434     0.722030    -0.552823
   -0.364462     1.654245     0.000000    -0.001026    -1.993344     0.407309
    2.375574     3.252014     1.000000     0.698800     1.790311     1.945443
    0.763448     2.141483     1.000000     0.219827     1.039719     1.167797
    1.049471     1.454707     1.000000    -0.462345     1.531175    -1.436610
    1.413507     2.136414     1.000000    -1.556183     0.856883    -0.708254
   -0.131549     2.547653     0.000000     0.386628    -1.451426     0.156874
   -0.202077     0.986731     0.000000    -1.609124    -0.795315    -0.902746
    0.835215     2.825488     0.000000     0.004397     0.684072    -0.297540
    1.327414     2.937317     1.000000     0.547853     0.745560     2.150614
    0.993372     1.327953     1.000000    -0.844899     0.739691    -1.678018
    0.983508     1.913871     0.000000     0.785808    -1.509192     1.733230
    2.220693     1.654917     1.000000     0.423892     1.655431    -0.787626
    1.008083     1.357259     0.000000    -0.138073     0.096358    -0.603284
    1.198063     2.121374     1.000000    -1.444013     0.874422    -0.849618
    0.638219     1.974045     1.000000    -0.246858     0.987724    -0.199808
    1.056636     2.713489     0.000000     1.212288    -0.314465     0.191456
    0.539442     2.017584     0.000000    -0.110371    -0.044198    -2.141871
    1.731943     2.225456     1.000000    -0.675669     0.485942     1.067191
    2.689505     1.586585     1.000000    -1.377742     0.058502     3.251647
    0.230599     0.853476     0.000000    -0.518283    -0.272866     0.052159
    1.295335     3.039170     1.000000    -0.548654     1.022004     0.797133
    1.994716     1.295676     1.000000     0.601180     0.160395     0.644080
    2.524712     1.885985     1.000000    -0.429678    -0.166250    -0.101720
    0.967728     1.820215     1.000000    -0.238676     0.888635     0.040045
    0.604603     2.083702     0.000000    -0.991924    -1.533437    -0.598956
    2.146742     2.244613     1.000000     1.634677     1.103158     0.378557
    0.626137     1.713029     0.000000     0.113265    -0.484451     0.307034
    1.505626     2.555726     0.000000    -0.452624     0.560690     1.285784
    0.206382     1.006858     0.000000    -1.004772    -1.033572     0.337933
    1.397092     1.411286     0.000000    -0.241834    -1.021001     0.038056
    0.496229     2.649288     0.000000     0.838429    -0.441748    -0.017298
    0.358209     2.938016     0.000000     2.483435     1.120482    -2.157416
    1.685717     1.919211     0.000000    -0.892332    -0.129540     0.526899
   -0.235840     1.422322     0.000000     0.481765    -1.021191    -1.350397
    0.327353     1.222126     0.000000    -0.752000    -0.894625     1.446890
    0.459133     1.605028     0.000000    -0.273884    -0.803969    -1.463614
   -1.278273     1.388496     0.000000     0.876038    -1.305602     0.397331
    1.133616     1.881646     0.000000     1.306586    -0.852620     0.359021
   -0.574377     1.961618     1.000000    -0.709880     2.875135    -0.771602
    0.506152     2.805444     0.000000     1.679024    -0.085706    -1.729385
    1.726105     2.890664     0.000000    -0.490444     0.453516     0.972409
   -0.383940     1.443300     0.000000    -1.337919     0.429926    -0.454187
    0.198866     0.842385     0.000000    -1.246424    -0.608581    -0.014553
    0.448651     1.290476     0.000000    -1.070475    -1.612643    -0.448179
    1.078018     1.013002     1.000000     0.542006     1.288986    -1.614130
    1.827565     2.062761     0.000000     1.409971    -0.600984    -0.702470
    1.678178     0.657788     1.000000    -1.849474    -0.401250    -0.822120
    1.231873     0.927283     0.000000     0.604875    -0.589871    -0.270913
    0.148486     2.726101     0.000000     1.428485    -0.840173     0.649338
   -0.488807     1.664478     0.000000    -0.124574     0.611455    -1.736240
    0.088625     1.957181     0.000000    -0.609405    -1.639806     0.046881
    2.740325     2.762866     1.000000     1.408185     1.043946     1.177997
    1.735327     2.405045     0.000000    -0.008595     0.031777     0.111081
    0.972835     0.890625     0.000000    -1.156996    -0.989380     0.882902
    1.049619     2.136711     0.000000     1.062918     0.631441    -0.725523
    0.310569     2.004305     0.000000     0.886483     0.560904    -1.170095
    0.566290     1.301329     0.000000     1.221154    -0.411175    -0.763727
    2.042804     2.693925     1.000000     1.883960     0.766058     0.523827
    2.547977     1.740927     1.000000     0.526255     1.373887     1.406439
    1.819265     1.253154     1.000000    -1.909077    -0.620734     0.745386
    1.116296     2.083102     0.000000     1.280427    -0.762158     0.231743
    0.840223     1.866580     0.000000    -0.156710    -2.364484     0.317156
   -0.912051     2.686347     0.000000    -0.250203    -1.372028    -0.107720
   -0.195916     1.724513     0.000000     1.001601    -1.425300    -0.504673
    0.466008     2.767583     0.000000     0.454452     0.910572     0.786318
    0.694857     2.344113     1.000000     1.151548     0.876034     1.529972
    1.778352     2.447663     1.000000    -1.442029     0.381463     1.336016
    1.326740     1.524855     1.000000    -0.478344     0.640302     1.236714
    1.344346     1.788528     0.000000     0.296821    -0.263026     0.888141
    1.282838     1.492411     1.000000    -0.079587     0.410057    -0.922768
    0.941432     2.129726     0.000000     0.719142    -1.479283     0.023418
    1.177127     2.621973     1.000000    -0.968080     0.882103    -0.593204
    1.622119     2.109168     1.000000    -0.261898     0.432315     1.313348
    1.266602     2.921844     0.000000     0.146615    -1.620969     1.493675
    0.814078     1.150618     0.000000    -1.971096    -1.460852     0.123814
    1.467381     1.551389     0.000000    -0.596481    -0.037010     0.923478
    0.066154     2.445603     0.000000     1.398424    -0.902314    -2.167467
   -0.236169     2.074109     0.000000    -0.716694    -0.995137    -0.166687
    0.224581     2.505021     0.000000     1.462204    -0.337611    -0.828327
    0.232488     2.870253     0.000000     0.893144    -0.439566     0.218966
    1.763788     1.686261     0.000000     0.858522    -0.753114     1.593919
    0.518937     1.955309     0.000000     0.048602     0.054327    -0.443447
    1.878776     3.243595     0.000000     0.458539     0.654242     1.049187
   -0.222035     1.484737     0.000000    -1.679494    -0.152874    -1.280198
    0.590019     2.861210     0.000000     0.772407     0.258704     0.735202
   -0.575449     1.734321     0.000000     0.548786    -0.404752    -0.270111
   -0.391996     1.855159     0.000000     0.701099    -1.233889    -2.491072
   -0.251455     2.388335     0.000000    -1.123784    -0.557013     0.477365
    1.061452     1.850905     1.000000    -1.075607     0.758764     0.671284
    0.243571     2.253642     0.000000    -0.002730     0.122410     1.536225
   -0.819664     1.436651     0.000000    -0.485770    -2.545451    -0.355955
    0.885789     1.678674     0.000000     0.080184    -1.015845    -0.371669
    2.337909     1.792506     0.000000    -0.183574    -0.679050     2.349897
    0.385036     0.804875     0.000000    -1.628909    -0.200864    -0.350542
    0.695238     2.857316     0.000000     1.957960     0.473323    -1.942149
    1.094089     2.235006     0.000000    -0.458894    -0.143755     1.573365
    0.007782     0.559087     0.000000    -2.191618    -0.620811    -0.237936
    2.109580     3.200375     1.000000     2.545458     1.364745    -0.159049
   -0.136577     1.212259     0.000000    -0.525893    -2.440246    -0.945236
    1.106651     1.913297     1.000000    -1.469622     0.302606     0.499734
    0.733453     2.781245     0.000000    -0.550916     0.148329     1.079312
    1.553984     1.921266     0.000000    -1.099811    -2.004489    -0.020541
    0.803050     1.436111     0.000000     1.471181    -0.196339    -0.480040
    0.359334     1.635434     0.000000     0.542561    -2.515656     0.315373
    2.620290     2.162567     0.000000    -1.267873    -1.041590    -0.159058
   -1.224902     2.470941     0.000000     0.027494    -0.651239    -0.189793
    1.053773     2.262037     0.000000    -0.264534    -0.489518    -0.150161
   -0.280242     1.694308     0.000000     0.182592    -0.119080    -1.629275
    1.912511     3.099019     0.000000     2.860531     0.063955    -0.046815
    0.329868     1.448388     1.000000    -0.825881     1.076636     0.702421
   -0.503059     1.286176     0.000000     0.814549    -0.795081    -1.432209
    2.444939     1.699121     1.000000     2.938392     0.352521    -0.195981
    0.522626     2.267109     0.000000    -1.011757     0.191012    -0.021161
    0.503705     1.778058     0.000000     0.204399     0.126607    -0.259005
    0.117641     1.812660     0.000000    -1.633863    -1.096647     0.234564
    1.453639     1.646157     1.000000    -0.215019     0.678247    -0.908112
    0.947058     1.401729     1.000000    -0.452595     0.897943     0.976169
   -0.355722     0.712820     0.000000     0.176545    -2.197861    -0.845332
    1.053051     1.856307     1.000000    -0.758477     1.007229    -0.410390
    1.427218     2.714877     0.000000    -1.045586    -0.423820     1.439752
    0.681339     1.547938     1.000000    -0.888979     0.513917     0.850608
    0.824814     2.352476     1.000000    -0.485545     1.833271    -0.789305
    0.888471     1.170036     0.000000     0.072669    -1.855693    -0.596864
    1.125989     2.411023     1.000000    -0.248228     1.213070    -0.170692
    0.093004     1.498636     0.000000    -0.180802    -1.237105    -0.731344
    0.805540     2.070074     0.000000    -0.329338     0.300786    -0.661290
    0.157770     1.424349     1.000000     0.442129     1.315980    -0.831143
    1.446778     2.983232     1.000000     0.374481     1.481391     1.580797
    2.008695     2.102283     1.000000    -0.179232     0.818384     1.231722
    0.889640     3.019729     0.000000     0.894761    -0.732890     0.335400
    0.904369     1.786216     0.000000     1.087344    -2.612130     0.785122
    1.894660     1.563758     0.000000    -0.000812    -0.451043    -0.495524
    1.425541     1.568330     0.000000     1.361310    -1.639610    -0.575000
   -0.376095     1.971913     0.000000     1.108620    -1.797010    -0.601729
    0.893621     1.897670     1.000000    -1.179330     0.985698    -0.208100
    0.081267     1.838194     0.000000     0.151135     0.263803    -0.797607
    1.382627     1.947022     0.000000    -0.249655    -0.954626    -1.972865
    0.527901     1.542604     0.000000     0.648978     0.052686    -1.418094
    0.153766     1.903516     0.000000     0.347055    -1.326526    -0.853172
    1.066101     1.500376     1.000000    -0.704313     0.430406     0.052351
    1.063919     1.913519     1.000000    -0.091393     0.782733     0.088182
    1.646040     2.134004     0.000000     0.686391    -2.110151     0.010125
    1.908361     3.114235     1.000000     2.294125     0.340902     1.316737
    0.217333     2.381747     0.000000     0.007940     0.740636     0.148033
   -0.048782     1.442137     0.000000    -0.875296     1.029371    -2.218271
    0.486544     1.870277     0.000000     1.447092    -1.968813    -0.669073
   -0.003146     1.794198     0.000000    -0.954822    -1.203307    -0.364539
   -0.521296     0.720314     0.000000    -1.774245     0.535814    -1.599477
    1.292355     0.952187     1.000000    -0.879934     0.618705    -0.948668
    1.759580     3.524398     1.000000     1.372770     2.161662    -0.462699
    0.178891     1.841322     0.000000    -0.911303     0.567464    -0.499960
    1.402875     1.073425     0.000000    -1.858780    -1.002812     1.699361
   -0.027083     1.188322     0.000000     0.636239    -2.326389     1.464860
    2.080824     2.457647     0.000000     0.180059     0.222230    -0.512461
    1.944087     2.183956     1.000000    -1.102444     0.598586     0.435088
    0.483008     1.336387     0.000000    -0.463605    -0.706667    -0.793461
    1.976596     2.274268     0.000000     0.488177    -1.744537    -0.486702
    0.069496     2.371788     1.000000     0.273762     1.301096    -2.961589
    1.569626     2.932442     0.000000    -0.412534     0.536139     1.099579
    1.944370     1.406833     0.000000    -0.231304    -0.143851    -0.338514
    1.503670     2.015729     1.000000     0.863799     0.396122    -0.484377
    0.336634     1.402600     0.000000    -1.249850    -0.698791     0.534440
    1.348954     1.087162     1.000000    -1.645022     0.089827     0.215300
    1.738695     1.271612     0.000000     1.162643    -0.588019     0.723400
    0.244553     1.854262     0.000000    -0.819040    -1.123126    -0.157527
    1.786668     2.045589     1.000000     0.738848     0.031132    -0.610698
    0.084844     2.523953     1.000000     0.165271     1.918178    -0.095925
    0.567304     1.676905     0.000000     0.314766    -0.311164    -0.587222
    0.779497     2.294033     1.000000    -0.575147     1.002883     1.149248
    1.045700     2.592099     1.000000     1.896521     1.381426    -0.877081
    0.441955     0.787975     1.000000    -1.372973     0.361511    -0.503242
    1.484163     2.606513     1.000000     1.887076     0.794827    -0.210291
    1.171280     1.499394     0.000000     0.094325    -1.037272     1.125530
   -0.113470     2.129850     0.000000    -0.425580     0.507465     1.160459
    0.371508     1.516586     0.000000     0.806046     0.202422    -0.291329
    0.821961     1.644221     0.000000     0.298161    -0.468069     1.306400
    1.298355     2.728881     1.000000     1.600408     1.112905    -1.746009
    1.115068     2.449987     0.000000    -0.107814     0.781716    -0.085492
    0.521147     1.284817     0.000000    -0.346949    -0.154286    -2.082213
    1.253428     2.078054     1.000000     0.785541     0.797240    -0.986607
    0.587300     1.776001     0.000000     0.833282    -0.084876    -1.468074
    0.262802     2.679499     0.000000     0.374786    -1.051508    -1.245001
    1.138415     1.835253     1.000000     0.438242     0.403392    -0.786338
    1.074500     2.745246     0.000000     0.502914     0.530294     0.048956
    0.855330     2.185160     0.000000     0.146147     0.365079     0.154976
    0.998027     2.369742     1.000000    -0.025185     1.925608    -1.487609
    1.694189     2.275961     1.000000     0.425465     1.289827     0.234878
    0.804783     1.848272     0.000000     0.083377    -0.638457    -0.327486
    1.903496     2.391954     1.000000     0.459893     0.725435    -0.029219
    2.718478     2.024590     1.000000    -1.396522     1.367983     1.895319
    2.636762     3.075904     0.000000    -0.262050     0.236792     0.819889
    1.206082     2.610795     0.000000     0.813939    -0.449405    -0.620522
    2.195495     3.299050     1.000000     0.621279     2.992877     0.978969
    0.589162     1.758376     0.000000     0.262821     0.480192    -2.450278
    1.789661     3.081283     0.000000    -0.507096     0.443096     1.717880
   -0.367460     2.577280     0.000000    -1.452895    -0.308695    -0.757806
    1.607173     3.124668     1.000000     1.306011     0.785015     1.401020
    1.259556     2.884896     0.000000    -1.229182     0.002400     0.287481
    0.611043     2.177273     0.000000    -1.206668    -0.987279    -1.264645
    2.103767     1.633857     0.000000    -3.265821    -0.259497     0.242112
    2.172076     1.910315     1.000000     0.384640     0.417241     1.227244
    2.421216     1.999781     1.000000     1.258133     0.594581     1.169946
    0.663896     2.896142     0.000000     1.310519     0.144096     1.623983
    1.385115     2.232635     0.000000     0.926734     0.318018     0.691125
    0.163323     2.613295     0.000000    -0.176284    -0.062099    -1.800737
   -0.260551     2.081080     1.000000     0.593720     1.409434    -2.081717
    1.494391     2.241003     0.000000    -0.145542     0.137696     0.040782
   -1.034903     2.572647     0.000000     1.538843    -0.758003    -2.032105
   -0.084091     2.243482     1.000000     0.367514     1.637041    -3.229436
    0.942327     1.744347     0.000000    -0.044768    -0.618035     0.001999
    1.439937     2.453248     1.000000    -0.626599     0.342383    -0.228613
    0.742063     2.027144     0.000000    -0.584288     0.605562     0.698368
    1.076734     2.653243     0.000000     1.618027    -1.976429    -0.021097
    0.470866     1.570782     1.000000    -0.333700     0.653346    -0.712054
    0.122372     2.305104     0.000000    -0.490888     0.102897     0.729631
    1.804080     2.101095     0.000000     0.611701    -1.217940     2.899929
    0.815018     4.373576     0.000000     2.926177     1.408948    -0.157836
   -0.880991     1.835253     0.000000     1.502714    -1.629932    -0.330184
    2.011935     1.689300     0.000000    -0.875849    -0.664906    -0.957951
    0.298585     1.957179     0.000000    -0.956527     0.586668    -1.042339
    1.352165     2.103266     1.000000    -0.151904     1.440232     0.800869
    1.216634     2.072440     1.000000    -2.757182     1.531915    -0.282880
    1.697566     1.484105     1.000000    -1.338881     0.457731    -0.010402
   -0.432582     0.705682     0.000000    -0.924172    -2.072648    -1.159246
    1.859096     1.144863     0.000000     1.526363    -0.932330     0.860499
    0.017405     2.713422     0.000000     3.468060     0.613246    -0.583037
    1.198439     0.238439     0.000000    -0.396082    -0.634367     0.410441
    1.400420     2.330911     1.000000     0.364259     2.352695    -1.816522
    1.745644     3.352507     1.000000     0.585651     2.038716     2.047802
    1.698063     2.083768     1.000000    -0.581730     1.633446     1.217566
    1.721924     2.879883     0.000000     0.697453     0.289008    -0.337616
    2.270342     2.443477     1.000000     2.761453     0.524499     0.655248
    0.461042     2.787465     0.000000     0.159809    -0.968164     1.403454
    0.250688     2.588804     0.000000    -1.293640     1.124242    -1.630079
   -0.423305     0.639567     0.000000     0.462550    -1.317857     0.513286
    1.466662     2.001261     1.000000    -0.464340     1.325305     0.610009
    0.377011     1.520987     0.000000    -0.667401    -2.557605     0.072503
    0.812236     1.623552     0.000000    -0.800069    -0.473231     0.388855
    2.765253     2.286293     0.000000     0.750149    -0.335122     1.309193
    0.623128     2.013216     0.000000    -0.160714     0.374101     0.128965
    1.047976     1.791557     0.000000     1.270869     0.031220    -0.074905
   -0.670601     1.974584     0.000000    -0.028308     0.392948    -1.058184
    0.079375     1.907552     1.000000    -1.334543     0.820265     0.252358
    2.520080     2.269299     1.000000     0.638868     0.182019     1.625938
    0.808042     2.189779     0.000000     0.960667    -1.521396    -0.354092
   -0.203011     1.782904     0.000000    -0.917009    -0.942032    -1.442167
    2.604507     1.305241     0.000000     0.089130    -0.761285    -0.724044
   -0.406373     1.594410     0.000000     0.087886     0.678155    -1.515054
    0.780543     2.308428     0.000000     1.148510    -0.358854    -1.233663
    1.878863     2.687399     0.000000     0.708459     0.139202    -0.656187
    2.342616     1.650665     1.000000     0.819816     1.197460     0.556289
    2.025255     2.627213     0.000000     0.908699     0.020465     0.509703
   -0.402869     2.135758     0.000000    -0.673046    -0.168384    -1.075662
    1.665855     2.435722     1.000000     0.423173     0.682111     1.147799
    0.698077     0.646525     0.000000    -1.966682    -1.101717    -0.861592
    1.184757     2.556863     0.000000    -0.169410    -1.854758     0.962397
    1.008915     2.415018     0.000000    -0.308789    -1.527085     0.356928
    0.779162     1.189268     1.000000    -0.932573     0.832932     1.019138
    0.960613     1.326718     1.000000    -0.453578     0.258986    -0.564762
    1.257026     2.437654     1.000000     0.320820     0.963657     0.198586
    2.197536     1.990526     0.000000     1.065596    -0.683749     0.735285
    1.391276     2.878855     0.000000     1.219337     0.194985     1.782677
    0.604101     0.782253     0.000000    -0.867156    -0.334015     1.570767
    1.527491     1.635768     0.000000    -0.151633    -0.532015    -0.071540
    1.521926     1.629740     1.000000    -0.677785     0.426430    -0.343226
    0.141543     2.342645     0.000000     0.432674     0.378426     0.109270
    0.966478     3.531880     0.000000     0.553918    -0.039881     1.146766
    1.998445     1.423635     1.000000    -0.564694     1.177362     0.671226
    0.983557     2.254850     1.000000    -0.522054     1.641214     0.281495
    0.595758     2.298804     0.000000    -0.183158     0.269580     0.240165
    2.527566     2.158343     1.000000     1.983631     0.754801     1.885158
    2.092546     2.157559     0.000000    -0.546663    -0.092005     1.464233
    2.529942     2.372321     0.000000     0.633075    -0.850417     0.864302
    2.750108     1.785701     1.000000     0.348820    -0.101743     1.110038
    0.754844     1.174168     1.000000    -1.332862     0.483428    -0.778274
   -0.122537     1.562410     0.000000     0.541282    -1.243816    -0.685553
    0.822311     1.713813     0.000000     0.139485     0.286375     1.390919
    0.484191     2.014893     1.000000    -2.140379     1.277746     0.131226
    0.442644     1.408800     1.000000     0.998655     0.531831    -0.443240
    0.838861     0.682385     0.000000    -0.121103    -0.883617    -0.257255
   -0.681568     2.706917     0.000000     0.062416     1.230079    -0.118432
    1.352514     3.434094     1.000000     1.516863     2.192374    -0.078325
    0.147710     2.575520     0.000000     1.677728     0.177097    -0.567492
   -0.092531     2.190819     0.000000     1.304029    -1.121846     0.502538
    1.201831     2.474128     0.000000     0.033121    -1.032947     0.320614
    0.726720     1.910112     1.000000     1.921307     1.711389    -0.789739
    1.504077     3.282819     0.000000     0.922490     0.160809     1.638582
    0.697987     2.061548     0.000000    -0.880413    -1.209231     1.220738
    0.865463     0.625374     1.000000    -0.155307     0.551569    -1.036208
    0.074585     2.198141     0.000000     2.070031    -0.774522     0.571187
    0.105341     2.393721     0.000000     0.326594    -0.985548     0.228923
    1.260737     3.335616     1.000000     0.758119     1.917461    -1.044359
    2.407501     0.766323     1.000000    -0.671023     0.473394     0.131095
   -0.313695     2.818618     0.000000     1.608644    -1.516719    -0.522873
    0.366039     1.337485     0.000000    -0.577375    -1.397854    -0.496609
    0.500691     1.767570     0.000000     1.215051    -1.503951    -0.210078
    1.191599     2.682805     0.000000    -0.767283     0.232368     0.055127
    1.692271     1.318892     1.000000    -0.611324     1.740708    -0.125998
    2.889844     2.667378     0.000000     0.459407    -0.657452     0.619106
    0.552252     1.310007     1.000000    -0.575680     0.674373    -0.263118
    0.392650     1.625347     0.000000    -0.347102    -1.418330    -0.870347
    1.348126     1.634425     1.000000    -0.249170     0.517165    -0.428319
    1.960779     2.299193     0.000000     0.179748    -0.493620     0.902268
    0.526667     1.811627     0.000000    -0.970990     0.307566    -0.830983
    2.659884     1.563763     1.000000    -1.448796     1.353970     0.071598
    3.170282     1.803360     1.000000    -0.252748    -0.387185    -0.339942
   -0.482793     0.756502     0.000000    -1.284425    -0.661540    -0.674861
   -0.170432     1.519811     0.000000     0.476288    -0.831718    -1.161113
    0.236888     1.091857     0.000000    -1.319760     0.316889    -1.795045
    1.935850     2.004203     1.000000    -1.164126     0.834547     3.088236
    0.302645     1.031962     0.000000    -1.467301    -0.540673     0.045868
    2.103270     1.641782     0.000000    -0.207074    -0.997764     0.753788
    1.242866     1.547978     1.000000    -0.781562     1.094574    -0.067121
    1.257578     1.503046     0.000000     0.497809    -0.495697     0.078358
    0.458986     0.774194     0.000000    -3.267687    -1.190068     0.350038
    0.027142     2.214707     0.000000    -1.696743    -0.143855    -0.020854
    0.859765     0.987801     1.000000    -0.732297     0.552515     1.313752
    1.400502     2.297760     0.000000    -0.378345     0.184493     0.476390
    1.610954     2.409713     1.000000    -1.133230     0.999798    -1.580576
    0.788057     1.177990     0.000000     0.457556    -2.817986    -0.879482
    1.726205     1.021906     1.000000    -0.263541    -0.005372     0.318189
    0.115732     1.357626     0.000000    -0.251538    -1.357068    -0.546662
    0.931937     2.072580     0.000000     0.965569    -1.023132    -0.487643
    1.394306     1.698863     1.000000    -0.428865     1.138816    -1.072071
    0.161675     3.017532     0.000000     1.158852     0.522962     0.187562
    1.671544     1.949187     1.000000    -1.082088     1.531346     0.477933
    1.594232     2.771255     1.000000     0.818609     1.395104     0.630244
    1.012311     2.378137     0.000000     0.931755     0.040144     0.358205
    1.435464     2.382525     1.000000    -1.343015     1.690180     1.223030
    1.025957     1.110435     0.000000     0.840873    -0.843370    -0.434206
    1.122055     2.041191     0.000000    -0.510445    -0.084036     3.065716
   -0.037541     1.975008     0.000000    -0.077057    -0.197804     0.057315
    1.018758     1.342408     0.000000    -0.551608    -1.196359     1.199450
    0.027296     2.651960     0.000000     0.748072     0.825019    -0.953249
    0.101785     0.638848     0.000000    -1.647689    -0.244630     2.180801
    0.291122     1.598613     0.000000     0.044703    -1.509631    -0.118549
   -1.006924     1.474664     0.000000     0.075324    -0.179465    -0.596178
    0.756653     3.030265     0.000000     1.356551     1.085745    -1.356149
    0.637291     2.384043     0.000000    -0.149151     0.590437    -0.160417
